9.79653157400451e-29
1.04005953676344e-28
9.72319372026314e-29
9.72319372026314e-29
9.34913219104486e-29
9.63558593685838e-29
9.0232622863428e-29
8.67329458877505e-29
1.17066417478741e-28
1.10959265278316e-28
1.09795751989249e-28
9.95715552706741e-29
9.12718407806748e-29
1.06353137097375e-28
1.12976490897014e-28
1.03529264190148e-28
1.13728183688478e-28
8.46363580433806e-29
1.12015842151445e-28
7.24852533148872e-29
9.79653157400451e-29
1.04005953676344e-28
9.72319372026314e-29
9.72319372026314e-29
9.34913219104486e-29
9.63558593685838e-29
9.0232622863428e-29
8.67329458877505e-29
1.17066417478741e-28
1.10959265278316e-28
1.09795751989249e-28
9.95715552706741e-29
9.12718407806748e-29
1.06353137097375e-28
1.12976490897014e-28
1.03529264190148e-28
1.13728183688478e-28
8.46363580433806e-29
1.12015842151445e-28
7.24852533148872e-29
