1.09110290924745e-28
1.12613952011753e-28
1.05161469745913e-28
1.12611474593137e-28
9.63558593685838e-29
1.1122558236936e-28
7.85812935312985e-29
9.41142188355417e-29
1.02876906569436e-28
1.08904117540472e-28
6.13414034139119e-29
6.87684274231506e-29
5.91432504160281e-29
1.02047393884247e-28
7.87150759694987e-29
1.01255072906265e-28
7.6523740167126e-29
3.28044207038578e-29
4.11445181700336e-29
6.23340779988059e-29
1.09110290924745e-28
1.12613952011753e-28
1.05161469745913e-28
1.12611474593137e-28
9.63558593685838e-29
1.1122558236936e-28
7.85812935312985e-29
9.41142188355417e-29
1.02876906569436e-28
1.08904117540472e-28
6.13414034139119e-29
6.87684274231506e-29
5.91432504160281e-29
1.02047393884247e-28
7.87150759694987e-29
1.01255072906265e-28
7.6523740167126e-29
3.28044207038578e-29
4.11445181700336e-29
6.23340779988059e-29
