9.61778338043276e-29
9.61778338043276e-29
9.86060922476429e-29
9.86060922476429e-29
1.02708297110606e-28
1.02708297110606e-28
7.85812935312985e-29
1.12790633533366e-28
8.59603911539376e-29
9.16630447270152e-29
9.85941645795818e-29
5.38154892226096e-29
5.82524917868948e-29
8.29556397421481e-29
1.09317182377061e-28
5.84235606517203e-29
8.71955152258529e-29
8.44762246602153e-29
8.8550799791632e-29
1.07351434987191e-28
9.61778338043276e-29
9.61778338043276e-29
9.86060922476429e-29
9.86060922476429e-29
1.02708297110606e-28
1.02708297110606e-28
7.85812935312985e-29
1.12790633533366e-28
8.59603911539376e-29
9.16630447270152e-29
9.85941645795818e-29
5.38154892226096e-29
5.82524917868948e-29
8.29556397421481e-29
1.09317182377061e-28
5.84235606517203e-29
8.71955152258529e-29
8.44762246602153e-29
8.8550799791632e-29
1.07351434987191e-28
