9.33032969365294e-29
1.04062173380693e-28
9.53195892732436e-29
9.53195892732436e-29
1.01111495878747e-28
1.02708297110606e-28
7.85812935312985e-29
9.62988252813417e-29
5.84627147170073e-29
9.12606422200316e-29
1.09554086604751e-28
8.52024525207635e-29
7.4576253214223e-29
8.49311272303117e-29
7.10650875818171e-29
8.47959175390137e-29
1.19932761260581e-28
4.81264126165189e-29
8.85258303789789e-29
1.00823322136103e-28
9.33032969365294e-29
1.04062173380693e-28
9.53195892732436e-29
9.53195892732436e-29
1.01111495878747e-28
1.02708297110606e-28
7.85812935312985e-29
9.62988252813417e-29
5.84627147170073e-29
9.12606422200316e-29
1.09554086604751e-28
8.52024525207635e-29
7.4576253214223e-29
8.49311272303117e-29
7.10650875818171e-29
8.47959175390137e-29
1.19932761260581e-28
4.81264126165189e-29
8.85258303789789e-29
1.00823322136103e-28
