1.00527751268087e-28
1.00527751268087e-28
9.25284226739011e-29
9.25284226739011e-29
9.89376334737021e-29
1.01111495878747e-28
7.85812935312985e-29
1.06443747842626e-28
8.17519076696602e-29
9.52328121713453e-29
9.33376025748534e-29
1.17952796524337e-28
1.09872461865043e-28
9.99461156224589e-29
5.11359263378362e-29
9.70938653217306e-29
7.92918798419339e-29
1.11150796698929e-28
1.01311583949957e-28
7.65438889918759e-29
1.00527751268087e-28
1.00527751268087e-28
9.25284226739011e-29
9.25284226739011e-29
9.89376334737021e-29
1.01111495878747e-28
7.85812935312985e-29
1.06443747842626e-28
8.17519076696602e-29
9.52328121713453e-29
9.33376025748534e-29
1.17952796524337e-28
1.09872461865043e-28
9.99461156224589e-29
5.11359263378362e-29
9.70938653217306e-29
7.92918798419339e-29
1.11150796698929e-28
1.01311583949957e-28
7.65438889918759e-29
