1.01755963188831e-28
1.06817806109613e-28
1.06817806109613e-28
1.06817806109613e-28
1.14376186603255e-28
1.1861850100236e-28
9.0232622863428e-29
9.14984350572901e-29
8.51891070276932e-29
9.95396555006356e-29
1.00142745390553e-28
9.94510256093756e-29
7.01378263972752e-29
7.94616752773864e-29
1.1446505908693e-28
9.88652784310478e-29
8.48574830206403e-29
7.47074918212761e-29
1.06999716087895e-28
9.35618115565321e-29
1.01755963188831e-28
1.06817806109613e-28
1.06817806109613e-28
1.06817806109613e-28
1.14376186603255e-28
1.1861850100236e-28
9.0232622863428e-29
9.14984350572901e-29
8.51891070276932e-29
9.95396555006356e-29
1.00142745390553e-28
9.94510256093756e-29
7.01378263972752e-29
7.94616752773864e-29
1.1446505908693e-28
9.88652784310478e-29
8.48574830206403e-29
7.47074918212761e-29
1.06999716087895e-28
9.35618115565321e-29
