1.10521625659682e-28
1.12613952011753e-28
1.02450526608282e-28
1.07285786553859e-28
9.63558593685838e-29
9.75002173044145e-29
7.85812935312985e-29
1.01849416170444e-28
5.97001081242288e-29
5.56100239824369e-29
9.20095349362027e-29
5.66596125991958e-29
1.07214724750528e-28
1.20544115099275e-28
8.44811117114481e-29
8.11724884881602e-29
7.5123441097642e-29
1.18370660671207e-28
1.09970086362362e-28
9.54551044239558e-29
1.10521625659682e-28
1.12613952011753e-28
1.02450526608282e-28
1.07285786553859e-28
9.63558593685838e-29
9.75002173044145e-29
7.85812935312985e-29
1.01849416170444e-28
5.97001081242288e-29
5.56100239824369e-29
9.20095349362027e-29
5.66596125991958e-29
1.07214724750528e-28
1.20544115099275e-28
8.44811117114481e-29
8.11724884881602e-29
7.5123441097642e-29
1.18370660671207e-28
1.09970086362362e-28
9.54551044239558e-29
