1.10521625659682e-28
1.03676575194573e-28
1.04269102856393e-28
1.04269102856393e-28
9.63558593685838e-29
9.89376334737021e-29
7.85812935312985e-29
1.05400366075289e-28
4.05482409013329e-29
5.86781601810985e-29
9.89540762702232e-29
7.96100115431369e-29
5.90112310620608e-29
9.4555348385653e-29
9.10435750393415e-29
1.09935255026681e-28
1.10198707964825e-28
6.90004603859592e-29
8.80503442460898e-29
9.33093729058465e-29
1.10521625659682e-28
1.03676575194573e-28
1.04269102856393e-28
1.04269102856393e-28
9.63558593685838e-29
9.89376334737021e-29
7.85812935312985e-29
1.05400366075289e-28
4.05482409013329e-29
5.86781601810985e-29
9.89540762702232e-29
7.96100115431369e-29
5.90112310620608e-29
9.4555348385653e-29
9.10435750393415e-29
1.09935255026681e-28
1.10198707964825e-28
6.90004603859592e-29
8.80503442460898e-29
9.33093729058465e-29
