9.30261500928756e-29
9.30261500928756e-29
8.6336980021065e-29
8.6336980021065e-29
9.34913219104486e-29
9.89376334737021e-29
9.0232622863428e-29
1.07232437794697e-28
1.0028388914776e-28
1.14370548440994e-28
9.65321971304646e-29
9.87467774969074e-29
7.69742757438496e-29
9.40997440282416e-29
1.18591091979142e-28
1.05854606899112e-28
7.63236177275673e-29
8.95947142630762e-29
9.04607583985868e-29
8.2777629638428e-29
9.30261500928756e-29
9.30261500928756e-29
8.6336980021065e-29
8.6336980021065e-29
9.34913219104486e-29
9.89376334737021e-29
9.0232622863428e-29
1.07232437794697e-28
1.0028388914776e-28
1.14370548440994e-28
9.65321971304646e-29
9.87467774969074e-29
7.69742757438496e-29
9.40997440282416e-29
1.18591091979142e-28
1.05854606899112e-28
7.63236177275673e-29
8.95947142630762e-29
9.04607583985868e-29
8.2777629638428e-29
