1.07082721740139e-28
1.07082721740139e-28
1.12611474593137e-28
1.14743148946148e-28
1.08994932884342e-28
1.16183273833136e-28
7.85812935312985e-29
8.83071857326063e-29
3.28016664823221e-29
9.17519581056922e-29
5.78396795897638e-29
1.01869283679396e-28
1.07134923211038e-28
9.14843349496905e-29
6.34760485396058e-29
7.45498929385263e-29
9.1721463596133e-29
9.21169936965488e-29
1.14929776903701e-28
1.01024798994497e-28
1.07082721740139e-28
1.07082721740139e-28
1.12611474593137e-28
1.14743148946148e-28
1.08994932884342e-28
1.16183273833136e-28
7.85812935312985e-29
8.83071857326063e-29
3.28016664823221e-29
9.17519581056922e-29
5.78396795897638e-29
1.01869283679396e-28
1.07134923211038e-28
9.14843349496905e-29
6.34760485396058e-29
7.45498929385263e-29
9.1721463596133e-29
9.21169936965488e-29
1.14929776903701e-28
1.01024798994497e-28
