1.06122672457689e-28
1.06122672457689e-28
1.04152884742184e-28
9.96421633832481e-29
9.04377026757177e-29
1.02061619788783e-28
9.0232622863428e-29
1.03482933743356e-28
9.80735987592322e-29
1.04595953729855e-28
9.59081726126175e-29
1.01995142934922e-28
9.05114423334098e-29
1.01860054765275e-28
1.162459776144e-28
9.53768695419796e-29
9.9341184813136e-29
8.05634635688515e-29
1.03096334498024e-28
1.07736752388258e-28
1.06122672457689e-28
1.06122672457689e-28
1.04152884742184e-28
9.96421633832481e-29
9.04377026757177e-29
1.02061619788783e-28
9.0232622863428e-29
1.03482933743356e-28
9.80735987592322e-29
1.04595953729855e-28
9.59081726126175e-29
1.01995142934922e-28
9.05114423334098e-29
1.01860054765275e-28
1.162459776144e-28
9.53768695419796e-29
9.9341184813136e-29
8.05634635688515e-29
1.03096334498024e-28
1.07736752388258e-28
