9.97319350698664e-29
9.97319350698664e-29
9.97319350698664e-29
9.97319350698664e-29
9.97319350698664e-29
9.97319350698664e-29
8.95085084998876e-29
1.04232197892502e-28
1.16080027895042e-28
1.08305985927046e-28
1.08202449603293e-28
9.49154750057244e-29
1.19141387038983e-28
7.99663269806394e-29
9.82818216834341e-29
8.12352442191099e-29
1.01666660762775e-28
9.58656604334021e-29
1.1059297454803e-28
1.09052671452944e-28
9.97319350698664e-29
9.97319350698664e-29
9.97319350698664e-29
9.97319350698664e-29
9.97319350698664e-29
9.97319350698664e-29
8.95085084998876e-29
1.04232197892502e-28
1.16080027895042e-28
1.08305985927046e-28
1.08202449603293e-28
9.49154750057244e-29
1.19141387038983e-28
7.99663269806394e-29
9.82818216834341e-29
8.12352442191099e-29
1.01666660762775e-28
9.58656604334021e-29
1.1059297454803e-28
1.09052671452944e-28
