9.97319350698664e-29
9.97319350698664e-29
9.97319350698664e-29
9.97319350698664e-29
9.97319350698664e-29
9.97319350698664e-29
8.95085084998876e-29
1.07960218627507e-28
1.10264233004446e-28
1.09067687855348e-28
1.16153801040232e-28
9.70834586984937e-29
9.68399417402553e-29
6.92594553626228e-29
9.34970699831019e-29
8.09559410654801e-29
1.13280815358058e-28
1.13163185763958e-28
7.80969623887027e-29
7.7198564902682e-29
9.97319350698664e-29
9.97319350698664e-29
9.97319350698664e-29
9.97319350698664e-29
9.97319350698664e-29
9.97319350698664e-29
8.95085084998876e-29
1.07960218627507e-28
1.10264233004446e-28
1.09067687855348e-28
1.16153801040232e-28
9.70834586984937e-29
9.68399417402553e-29
6.92594553626228e-29
9.34970699831019e-29
8.09559410654801e-29
1.13280815358058e-28
1.13163185763958e-28
7.80969623887027e-29
7.7198564902682e-29
