9.97319350698664e-29
9.97319350698664e-29
9.97319350698664e-29
9.97319350698664e-29
9.97319350698664e-29
9.97319350698664e-29
8.95085084998876e-29
8.30162742142617e-29
1.18767856872037e-28
7.38826231536983e-29
1.02293555935022e-28
1.02682075275094e-28
9.99774474051321e-29
8.72349841430809e-29
1.10795918279384e-28
9.84910236159073e-29
8.7886589740858e-29
9.75419406886454e-29
1.14302156496403e-28
1.16193900429152e-28
9.97319350698664e-29
9.97319350698664e-29
9.97319350698664e-29
9.97319350698664e-29
9.97319350698664e-29
9.97319350698664e-29
8.95085084998876e-29
8.30162742142617e-29
1.18767856872037e-28
7.38826231536983e-29
1.02293555935022e-28
1.02682075275094e-28
9.99774474051321e-29
8.72349841430809e-29
1.10795918279384e-28
9.84910236159073e-29
8.7886589740858e-29
9.75419406886454e-29
1.14302156496403e-28
1.16193900429152e-28
