1.0757099406559e-28
1.0757099406559e-28
1.12611474593137e-28
1.12611474593137e-28
1.13556075665163e-28
1.09617803627435e-28
7.85812935312985e-29
7.58867332622158e-29
8.51815572393662e-29
6.34138755775062e-29
6.89888483911364e-29
7.73672368046149e-29
1.0085927221595e-28
5.35236595897882e-29
6.65604072541023e-29
1.07841426494741e-28
6.57752561930519e-29
5.03015370962678e-29
7.96892556183023e-29
1.04286861065668e-28
1.0757099406559e-28
1.0757099406559e-28
1.12611474593137e-28
1.12611474593137e-28
1.13556075665163e-28
1.09617803627435e-28
7.85812935312985e-29
7.58867332622158e-29
8.51815572393662e-29
6.34138755775062e-29
6.89888483911364e-29
7.73672368046149e-29
1.0085927221595e-28
5.35236595897882e-29
6.65604072541023e-29
1.07841426494741e-28
6.57752561930519e-29
5.03015370962678e-29
7.96892556183023e-29
1.04286861065668e-28
