9.33032969365294e-29
1.04062173380693e-28
9.53195892732436e-29
9.53195892732436e-29
1.01111495878747e-28
1.01111495878747e-28
7.85812935312985e-29
1.14070543585116e-28
8.59744522176006e-29
6.25018720327876e-29
8.57384439044105e-29
1.01242230936886e-28
8.60988328360677e-29
1.05202629192738e-28
1.06757318693316e-28
8.81266218591114e-29
1.15168502850743e-28
1.02793637152507e-28
1.17254725117125e-28
9.2030408001322e-29
9.33032969365294e-29
1.04062173380693e-28
9.53195892732436e-29
9.53195892732436e-29
1.01111495878747e-28
1.01111495878747e-28
7.85812935312985e-29
1.14070543585116e-28
8.59744522176006e-29
6.25018720327876e-29
8.57384439044105e-29
1.01242230936886e-28
8.60988328360677e-29
1.05202629192738e-28
1.06757318693316e-28
8.81266218591114e-29
1.15168502850743e-28
1.02793637152507e-28
1.17254725117125e-28
9.2030408001322e-29
