1.03430956531323e-28
9.97319350698664e-29
9.97319350698664e-29
9.97319350698664e-29
9.97319350698664e-29
1.03430956531323e-28
8.95085084998876e-29
1.04524186055668e-28
1.07874378218635e-28
9.37272560897781e-29
9.26722386022264e-29
8.73365776440718e-29
9.94839297182534e-29
1.09355740560843e-28
1.13230646124595e-28
9.82704731219465e-29
8.33077505040382e-29
9.53523705450421e-29
5.38400265322706e-29
1.16473744192752e-28
1.03430956531323e-28
9.97319350698664e-29
9.97319350698664e-29
9.97319350698664e-29
9.97319350698664e-29
1.03430956531323e-28
8.95085084998876e-29
1.04524186055668e-28
1.07874378218635e-28
9.37272560897781e-29
9.26722386022264e-29
8.73365776440718e-29
9.94839297182534e-29
1.09355740560843e-28
1.13230646124595e-28
9.82704731219465e-29
8.33077505040382e-29
9.53523705450421e-29
5.38400265322706e-29
1.16473744192752e-28
