1.06817806109613e-28
1.06817806109613e-28
1.07702939370289e-28
1.10215359608488e-28
9.849470429775e-29
1.09585495834222e-28
9.0232622863428e-29
9.63775039746602e-29
1.16552333247316e-28
8.7222398122048e-29
1.0716005036155e-28
9.86043496679748e-29
1.2394982913356e-28
8.50590165479665e-29
1.21717288016928e-28
7.81379200021516e-29
1.07510221172644e-28
9.09773080881544e-29
1.06630818549613e-28
9.33847455589045e-29
1.06817806109613e-28
1.06817806109613e-28
1.07702939370289e-28
1.10215359608488e-28
9.849470429775e-29
1.09585495834222e-28
9.0232622863428e-29
9.63775039746602e-29
1.16552333247316e-28
8.7222398122048e-29
1.0716005036155e-28
9.86043496679748e-29
1.2394982913356e-28
8.50590165479665e-29
1.21717288016928e-28
7.81379200021516e-29
1.07510221172644e-28
9.09773080881544e-29
1.06630818549613e-28
9.33847455589045e-29
