8.68485840465304e-29
9.68192300958762e-29
9.53195892732436e-29
9.53195892732436e-29
1.02708297110606e-28
1.02708297110606e-28
9.49173846938534e-29
1.07017065694836e-28
1.18758999280221e-28
8.8078113112818e-29
1.15759412639223e-28
1.18315066310537e-28
8.93034152167566e-29
1.13042116223094e-28
1.09173249499418e-28
1.01888408008251e-28
1.19387949648639e-28
7.76459343210632e-29
1.0832928789345e-28
1.08603167294584e-28
8.68485840465304e-29
9.68192300958762e-29
9.53195892732436e-29
9.53195892732436e-29
1.02708297110606e-28
1.02708297110606e-28
9.49173846938534e-29
1.07017065694836e-28
1.18758999280221e-28
8.8078113112818e-29
1.15759412639223e-28
1.18315066310537e-28
8.93034152167566e-29
1.13042116223094e-28
1.09173249499418e-28
1.01888408008251e-28
1.19387949648639e-28
7.76459343210632e-29
1.0832928789345e-28
1.08603167294584e-28
