9.97319350698664e-29
9.97319350698664e-29
9.97319350698664e-29
9.97319350698664e-29
9.97319350698664e-29
1.03430956531323e-28
8.95085084998876e-29
1.00820356543365e-28
1.14817160361871e-28
7.14772263490848e-29
1.08016354538419e-28
1.08871313217251e-28
1.08699422503767e-28
9.5904044928593e-29
1.17833076213491e-28
1.10988886244745e-28
9.2338396185677e-29
1.12859782715266e-28
8.7392370429359e-29
7.99875654229791e-29
9.97319350698664e-29
9.97319350698664e-29
9.97319350698664e-29
9.97319350698664e-29
9.97319350698664e-29
1.03430956531323e-28
8.95085084998876e-29
1.00820356543365e-28
1.14817160361871e-28
7.14772263490848e-29
1.08016354538419e-28
1.08871313217251e-28
1.08699422503767e-28
9.5904044928593e-29
1.17833076213491e-28
1.10988886244745e-28
9.2338396185677e-29
1.12859782715266e-28
8.7392370429359e-29
7.99875654229791e-29
