1.03430956531323e-28
9.97319350698664e-29
9.97319350698664e-29
1.03430956531323e-28
9.97319350698664e-29
1.04588680042193e-28
8.95085084998876e-29
9.10951185155396e-29
1.166305743334e-28
1.17898275155817e-28
1.0363694452626e-28
1.02378657275931e-28
1.09554291979931e-28
7.39477133657262e-29
9.33882953458085e-29
8.64378716062779e-29
1.13673813229844e-28
1.14085077779848e-28
6.64314210250877e-29
9.74502251335085e-29
1.03430956531323e-28
9.97319350698664e-29
9.97319350698664e-29
1.03430956531323e-28
9.97319350698664e-29
1.04588680042193e-28
8.95085084998876e-29
9.10951185155396e-29
1.166305743334e-28
1.17898275155817e-28
1.0363694452626e-28
1.02378657275931e-28
1.09554291979931e-28
7.39477133657262e-29
9.33882953458085e-29
8.64378716062779e-29
1.13673813229844e-28
1.14085077779848e-28
6.64314210250877e-29
9.74502251335085e-29
