1.00527751268087e-28
1.00527751268087e-28
9.53195892732436e-29
9.53195892732436e-29
9.89376334737021e-29
1.01111495878747e-28
7.85812935312985e-29
9.44796632697385e-29
1.07221928178553e-28
7.92649426814438e-29
6.45946478359715e-29
1.09512766515006e-28
8.63218151261204e-29
8.22106059256013e-29
1.17473774083505e-28
1.07857873594381e-28
1.23802550987197e-28
1.03995435252883e-28
6.9940533964316e-29
7.84448609603394e-29
1.00527751268087e-28
1.00527751268087e-28
9.53195892732436e-29
9.53195892732436e-29
9.89376334737021e-29
1.01111495878747e-28
7.85812935312985e-29
9.44796632697385e-29
1.07221928178553e-28
7.92649426814438e-29
6.45946478359715e-29
1.09512766515006e-28
8.63218151261204e-29
8.22106059256013e-29
1.17473774083505e-28
1.07857873594381e-28
1.23802550987197e-28
1.03995435252883e-28
6.9940533964316e-29
7.84448609603394e-29
