8.34649812463112e-29
9.30261500928756e-29
8.95042412930078e-29
8.95042412930078e-29
1.02708297110606e-28
1.02708297110606e-28
9.0232622863428e-29
1.00714743263885e-28
9.91589695802857e-29
8.55542199536858e-29
1.10106582241248e-28
1.03231804970615e-28
8.77080777088841e-29
9.44451259281602e-29
1.16145064794728e-28
1.08412265609752e-28
8.76684107734738e-29
1.10465734333586e-28
1.00258401786422e-28
1.21516481783127e-28
8.34649812463112e-29
9.30261500928756e-29
8.95042412930078e-29
8.95042412930078e-29
1.02708297110606e-28
1.02708297110606e-28
9.0232622863428e-29
1.00714743263885e-28
9.91589695802857e-29
8.55542199536858e-29
1.10106582241248e-28
1.03231804970615e-28
8.77080777088841e-29
9.44451259281602e-29
1.16145064794728e-28
1.08412265609752e-28
8.76684107734738e-29
1.10465734333586e-28
1.00258401786422e-28
1.21516481783127e-28
