9.33032969365294e-29
9.33032969365294e-29
9.77532732400791e-29
9.77532732400791e-29
1.02708297110606e-28
1.02708297110606e-28
7.85812935312985e-29
8.87045296863614e-29
7.99377729391942e-29
1.08423905339884e-28
8.99666493791602e-29
5.77499401545471e-29
1.19121534534464e-28
7.38806916126752e-29
1.02638953076968e-28
6.14638264049716e-29
1.02246060963136e-28
1.08366531231738e-28
7.20509098478519e-29
1.013231362789e-28
9.33032969365294e-29
9.33032969365294e-29
9.77532732400791e-29
9.77532732400791e-29
1.02708297110606e-28
1.02708297110606e-28
7.85812935312985e-29
8.87045296863614e-29
7.99377729391942e-29
1.08423905339884e-28
8.99666493791602e-29
5.77499401545471e-29
1.19121534534464e-28
7.38806916126752e-29
1.02638953076968e-28
6.14638264049716e-29
1.02246060963136e-28
1.08366531231738e-28
7.20509098478519e-29
1.013231362789e-28
