1.01755963188831e-28
1.06817806109613e-28
1.06817806109613e-28
1.1861850100236e-28
1.06817806109613e-28
1.1861850100236e-28
9.0232622863428e-29
8.61891019195162e-29
1.22162776731705e-28
1.06363285461225e-28
9.15750101423438e-29
1.07824109433787e-28
9.34417790010558e-29
6.3602500722676e-29
1.10455844025277e-28
1.08414239384585e-28
9.60197621386405e-29
1.02301319351301e-28
7.86353305895888e-29
1.13954407801872e-28
1.01755963188831e-28
1.06817806109613e-28
1.06817806109613e-28
1.1861850100236e-28
1.06817806109613e-28
1.1861850100236e-28
9.0232622863428e-29
8.61891019195162e-29
1.22162776731705e-28
1.06363285461225e-28
9.15750101423438e-29
1.07824109433787e-28
9.34417790010558e-29
6.3602500722676e-29
1.10455844025277e-28
1.08414239384585e-28
9.60197621386405e-29
1.02301319351301e-28
7.86353305895888e-29
1.13954407801872e-28
