9.97319350698664e-29
9.97319350698664e-29
9.97319350698664e-29
9.97319350698664e-29
9.97319350698664e-29
9.97319350698664e-29
8.95085084998876e-29
1.01701928736827e-28
1.15070793771951e-28
8.10224188474628e-29
9.03311743406949e-29
6.16340197905622e-29
1.02981426557564e-28
1.17718543078678e-28
1.25696545615631e-28
9.56072776746335e-29
1.1926848490671e-28
1.13215872250196e-28
1.16219911284537e-28
1.12144731860317e-28
9.97319350698664e-29
9.97319350698664e-29
9.97319350698664e-29
9.97319350698664e-29
9.97319350698664e-29
9.97319350698664e-29
8.95085084998876e-29
1.01701928736827e-28
1.15070793771951e-28
8.10224188474628e-29
9.03311743406949e-29
6.16340197905622e-29
1.02981426557564e-28
1.17718543078678e-28
1.25696545615631e-28
9.56072776746335e-29
1.1926848490671e-28
1.13215872250196e-28
1.16219911284537e-28
1.12144731860317e-28
