1.06817806109613e-28
1.06817806109613e-28
1.06817806109613e-28
1.06817806109613e-28
1.05802690622564e-28
1.18209908752066e-28
9.0232622863428e-29
9.37622991154454e-29
1.06594506438206e-28
9.32840868003944e-29
1.08519501753568e-28
9.8090173141819e-29
9.71239507571605e-29
1.00632990297305e-28
1.13924447239271e-28
1.1185100693706e-28
9.08556610447124e-29
8.77870285865604e-29
1.04062353264923e-28
8.79636802567477e-29
1.06817806109613e-28
1.06817806109613e-28
1.06817806109613e-28
1.06817806109613e-28
1.05802690622564e-28
1.18209908752066e-28
9.0232622863428e-29
9.37622991154454e-29
1.06594506438206e-28
9.32840868003944e-29
1.08519501753568e-28
9.8090173141819e-29
9.71239507571605e-29
1.00632990297305e-28
1.13924447239271e-28
1.1185100693706e-28
9.08556610447124e-29
8.77870285865604e-29
1.04062353264923e-28
8.79636802567477e-29
