1.04588680042193e-28
9.97319350698664e-29
9.97319350698664e-29
1.03430956531323e-28
9.97319350698664e-29
1.04588680042193e-28
8.95085084998876e-29
1.00962813681391e-28
1.16033851930519e-28
1.10754358156894e-28
1.07732709900255e-28
1.00380955263363e-28
7.09573693577249e-29
9.90386046553716e-29
9.0394185876761e-29
1.10428388554649e-28
9.97999974228667e-29
1.04976998158876e-28
9.2244677124839e-29
9.9117664426527e-29
1.04588680042193e-28
9.97319350698664e-29
9.97319350698664e-29
1.03430956531323e-28
9.97319350698664e-29
1.04588680042193e-28
8.95085084998876e-29
1.00962813681391e-28
1.16033851930519e-28
1.10754358156894e-28
1.07732709900255e-28
1.00380955263363e-28
7.09573693577249e-29
9.90386046553716e-29
9.0394185876761e-29
1.10428388554649e-28
9.97999974228667e-29
1.04976998158876e-28
9.2244677124839e-29
9.9117664426527e-29
