1.04588680042193e-28
9.96360972739601e-29
1.04415883988141e-28
1.04588680042193e-28
1.04415883988141e-28
1.04588680042193e-28
9.0232622863428e-29
1.06548777047295e-28
1.11199676625288e-28
1.05305408979792e-28
1.11195715943143e-28
6.08892518495169e-29
7.9497281833686e-29
9.4299250309137e-29
6.28295137517841e-29
1.06231728053194e-28
1.0603909777955e-28
1.02851338982861e-28
1.03241776986125e-28
9.38493221244502e-29
1.04588680042193e-28
9.96360972739601e-29
1.04415883988141e-28
1.04588680042193e-28
1.04415883988141e-28
1.04588680042193e-28
9.0232622863428e-29
1.06548777047295e-28
1.11199676625288e-28
1.05305408979792e-28
1.11195715943143e-28
6.08892518495169e-29
7.9497281833686e-29
9.4299250309137e-29
6.28295137517841e-29
1.06231728053194e-28
1.0603909777955e-28
1.02851338982861e-28
1.03241776986125e-28
9.38493221244502e-29
