1.01582532141429e-28
1.00527751268087e-28
9.25284226739011e-29
9.25284226739011e-29
9.89376334737021e-29
9.89376334737021e-29
7.85812935312985e-29
1.14456746331209e-28
7.65608501469315e-29
9.02409702171288e-29
8.09995530685295e-29
9.71440642804461e-29
5.88956543113986e-29
8.25247045753788e-29
6.86838059476912e-29
1.15265868235904e-28
7.37779406107368e-29
1.08935803075229e-28
6.6738039370692e-29
1.18937364591345e-28
1.01582532141429e-28
1.00527751268087e-28
9.25284226739011e-29
9.25284226739011e-29
9.89376334737021e-29
9.89376334737021e-29
7.85812935312985e-29
1.14456746331209e-28
7.65608501469315e-29
9.02409702171288e-29
8.09995530685295e-29
9.71440642804461e-29
5.88956543113986e-29
8.25247045753788e-29
6.86838059476912e-29
1.15265868235904e-28
7.37779406107368e-29
1.08935803075229e-28
6.6738039370692e-29
1.18937364591345e-28
