9.97319350698664e-29
9.97319350698664e-29
9.97319350698664e-29
9.97319350698664e-29
9.97319350698664e-29
9.97319350698664e-29
8.95085084998876e-29
9.2395213917713e-29
1.08823056425464e-28
9.51591487337599e-29
1.11617826540939e-28
1.03182292665743e-28
1.1176635551828e-28
8.1702861293446e-29
1.06510477410913e-28
1.06519138175524e-28
9.65916331379423e-29
1.0704716884445e-28
1.05345806378819e-28
7.43223456561094e-29
9.97319350698664e-29
9.97319350698664e-29
9.97319350698664e-29
9.97319350698664e-29
9.97319350698664e-29
9.97319350698664e-29
8.95085084998876e-29
9.2395213917713e-29
1.08823056425464e-28
9.51591487337599e-29
1.11617826540939e-28
1.03182292665743e-28
1.1176635551828e-28
8.1702861293446e-29
1.06510477410913e-28
1.06519138175524e-28
9.65916331379423e-29
1.0704716884445e-28
1.05345806378819e-28
7.43223456561094e-29
