1.03430956531323e-28
9.97319350698664e-29
9.97319350698664e-29
9.97319350698664e-29
9.97319350698664e-29
1.04588680042193e-28
8.95085084998876e-29
1.06943320722951e-28
1.02342352672e-28
9.38136417475618e-29
1.04617475217005e-28
1.03662012330868e-28
1.11785552280446e-28
6.02134844488556e-29
7.8987637183993e-29
1.03911688266272e-28
7.51361347541127e-29
1.05471137911218e-28
1.10121352030174e-28
8.4926553111985e-29
1.03430956531323e-28
9.97319350698664e-29
9.97319350698664e-29
9.97319350698664e-29
9.97319350698664e-29
1.04588680042193e-28
8.95085084998876e-29
1.06943320722951e-28
1.02342352672e-28
9.38136417475618e-29
1.04617475217005e-28
1.03662012330868e-28
1.11785552280446e-28
6.02134844488556e-29
7.8987637183993e-29
1.03911688266272e-28
7.51361347541127e-29
1.05471137911218e-28
1.10121352030174e-28
8.4926553111985e-29
