9.97319350698664e-29
9.97319350698664e-29
9.97319350698664e-29
9.97319350698664e-29
9.97319350698664e-29
9.97319350698664e-29
8.95085084998876e-29
1.07641835012799e-28
1.11220958587911e-28
9.36622429666301e-29
1.0634282159304e-28
1.05553700870597e-28
1.17705031123188e-28
7.08313499488208e-29
1.09051392986987e-28
1.10390027950009e-28
1.01582657627025e-28
7.93968085031267e-29
7.71937854187967e-29
9.3847372240697e-29
9.97319350698664e-29
9.97319350698664e-29
9.97319350698664e-29
9.97319350698664e-29
9.97319350698664e-29
9.97319350698664e-29
8.95085084998876e-29
1.07641835012799e-28
1.11220958587911e-28
9.36622429666301e-29
1.0634282159304e-28
1.05553700870597e-28
1.17705031123188e-28
7.08313499488208e-29
1.09051392986987e-28
1.10390027950009e-28
1.01582657627025e-28
7.93968085031267e-29
7.71937854187967e-29
9.3847372240697e-29
