0.999475925353993
0.999664205304871
0.999664205304871
0.999664205304871
0.999664205304871
0.999664205304871
0.998663053763307
0.0876560097683096
0.991765144565075
0.993313068601363
0.953301114528089
1.92717102179251e-16
0.932142593111483
0.770464816646558
0.968269581002575
0.969465185256384
0.0847468072283391
0.0431112601048433
0.0169582038617824
0.76890832391812
0.999475925353993
0.999664205304871
0.999664205304871
0.999664205304871
0.999664205304871
0.999664205304871
0.998663053763307
0.0876560097683096
0.991765144565075
0.993313068601363
0.953301114528089
1.92717102179251e-16
0.932142593111483
0.770464816646558
0.968269581002575
0.969465185256384
0.0847468072283391
0.0431112601048433
0.0169582038617824
0.76890832391812
