0.000331210818369258
0.000331210818369258
0.000331210818369258
0.000331210818369258
0.000721693695197515
0.000331210818369258
0.998309921504226
0.98965806382142
0.00913830537843
0.432186477331563
0.0644461571666005
0.0302963791833066
0.895252311272472
0.554999319778337
0.775000817224797
0.288629467794186
0.807930442369471
0.766553463869711
0.938736789674838
0.481892826268055
0.000331210818369258
0.000331210818369258
0.000331210818369258
0.000331210818369258
0.000721693695197515
0.000331210818369258
0.998309921504226
0.98965806382142
0.00913830537843
0.432186477331563
0.0644461571666005
0.0302963791833066
0.895252311272472
0.554999319778337
0.775000817224797
0.288629467794186
0.807930442369471
0.766553463869711
0.938736789674838
0.481892826268055
