6.47032796943459e-09
0.187144242206632
9.08794463988661e-09
9.08794463988661e-09
0.243498054174483
0.187144242206632
0.998309921504226
0.984815313384716
0.611103415654446
0.429897987305188
0.640304161126876
0.560573159724077
0.922118328204975
0.997369697622715
0.455237303408036
0.353786827003702
0.00448939479162025
0.93434765325748
0.00303426649203041
0.477020893134276
6.47032796943459e-09
0.187144242206632
9.08794463988661e-09
9.08794463988661e-09
0.243498054174483
0.187144242206632
0.998309921504226
0.984815313384716
0.611103415654446
0.429897987305188
0.640304161126876
0.560573159724077
0.922118328204975
0.997369697622715
0.455237303408036
0.353786827003702
0.00448939479162025
0.93434765325748
0.00303426649203041
0.477020893134276
