1.20520749458076e-08
0.300966698180028
9.08794463988661e-09
9.08794463988661e-09
0.187144242206632
0.187144242206632
0.999246206999478
0.850696634938539
0.340896306677333
0.963089019409987
0.997006145518988
6.47089585362236e-16
0.998975199584392
0.951364506658391
0.987542251903285
0.969465185256384
0.080773824559344
0.997006145518988
0.250775498134416
0.636122388673158
1.20520749458076e-08
0.300966698180028
9.08794463988661e-09
9.08794463988661e-09
0.187144242206632
0.187144242206632
0.999246206999478
0.850696634938539
0.340896306677333
0.963089019409987
0.997006145518988
6.47089585362236e-16
0.998975199584392
0.951364506658391
0.987542251903285
0.969465185256384
0.080773824559344
0.997006145518988
0.250775498134416
0.636122388673158
