6.47032796943459e-09
0.187144242206632
9.08794463988661e-09
9.08794463988661e-09
0.243498054174483
0.243498054174483
0.998309921504226
0.997666399584705
0.965042593100497
0.384931651554059
0.83261781595919
0.853371661009935
0.771620394454504
0.437415931072296
0.949583604461878
0.913752597120991
0.278244099056076
0.158201857064964
1.13570740575014e-07
0.161616315799168
6.47032796943459e-09
0.187144242206632
9.08794463988661e-09
9.08794463988661e-09
0.243498054174483
0.243498054174483
0.998309921504226
0.997666399584705
0.965042593100497
0.384931651554059
0.83261781595919
0.853371661009935
0.771620394454504
0.437415931072296
0.949583604461878
0.913752597120991
0.278244099056076
0.158201857064964
1.13570740575014e-07
0.161616315799168
