0.999664205304871
0.999664205304871
0.999664205304871
0.999664205304871
0.999664205304871
0.999475925353993
0.998663053763307
0.998309921504226
0.993313068601363
0.987214772582756
0.997481312122303
1.28712235486982e-07
0.112009753770883
0.916018330338641
0.952483923409545
0.98558439359711
0.99402802266244
0.997915956090436
0.490327068267434
0.95992475565067
0.999664205304871
0.999664205304871
0.999664205304871
0.999664205304871
0.999664205304871
0.999475925353993
0.998663053763307
0.998309921504226
0.993313068601363
0.987214772582756
0.997481312122303
1.28712235486982e-07
0.112009753770883
0.916018330338641
0.952483923409545
0.98558439359711
0.99402802266244
0.997915956090436
0.490327068267434
0.95992475565067
