0.999664205304871
0.999475925353993
0.999475925353993
0.999664205304871
0.999475925353993
0.999664205304871
0.998975199584392
0.00120157223544189
0.990060982783279
0.972440349563437
0.998975199584392
0.0762313623233822
0.252379249778723
0.948265675678157
0.641031082908936
0.927689694388925
0.0219108244468148
0.997006145518988
0.000930986229428651
0.936469595352304
0.999664205304871
0.999475925353993
0.999475925353993
0.999664205304871
0.999475925353993
0.999664205304871
0.998975199584392
0.00120157223544189
0.990060982783279
0.972440349563437
0.998975199584392
0.0762313623233822
0.252379249778723
0.948265675678157
0.641031082908936
0.927689694388925
0.0219108244468148
0.997006145518988
0.000930986229428651
0.936469595352304
