0.999664205304871
0.999664205304871
0.999664205304871
0.999664205304871
0.999664205304871
0.999664205304871
0.998663053763307
0.187144242206632
0.986189402586184
0.990060982783279
0.841035543308553
0.00122459708095263
0.986066744260746
0.948677813025326
0.982883342252111
0.950597570089008
0.994703417385164
0.990060982783279
0.220125640150024
0.691157263208111
0.999664205304871
0.999664205304871
0.999664205304871
0.999664205304871
0.999664205304871
0.999664205304871
0.998663053763307
0.187144242206632
0.986189402586184
0.990060982783279
0.841035543308553
0.00122459708095263
0.986066744260746
0.948677813025326
0.982883342252111
0.950597570089008
0.994703417385164
0.990060982783279
0.220125640150024
0.691157263208111
