0.999475925353993
0.999475925353993
0.999475925353993
0.999475925353993
0.999475925353993
0.999475925353993
0.998975199584392
0.244434295935656
0.699294130862923
0.982885854800223
0.977653304861361
1.15157219779326e-07
0.967924081115097
0.834285123727357
0.970970672480293
0.966347554612809
0.991765144565075
0.997915956090436
0.700659104783969
0.898429144885163
0.999475925353993
0.999475925353993
0.999475925353993
0.999475925353993
0.999475925353993
0.999475925353993
0.998975199584392
0.244434295935656
0.699294130862923
0.982885854800223
0.977653304861361
1.15157219779326e-07
0.967924081115097
0.834285123727357
0.970970672480293
0.966347554612809
0.991765144565075
0.997915956090436
0.700659104783969
0.898429144885163
