0.243498054174483
0.243498054174483
1.20520749458076e-08
1.20520749458076e-08
0.300966698180028
0.243498054174483
0.998309921504226
0.979328805138986
0.964801559107971
0.810235081306873
0.722486819710397
0.839727310393071
5.49250544790249e-16
0.0852257821380672
0.0518197509112125
0.918902173906411
0.218423818386052
0.86914803297913
0.295479489004255
0.734292259786611
0.243498054174483
0.243498054174483
1.20520749458076e-08
1.20520749458076e-08
0.300966698180028
0.243498054174483
0.998309921504226
0.979328805138986
0.964801559107971
0.810235081306873
0.722486819710397
0.839727310393071
5.49250544790249e-16
0.0852257821380672
0.0518197509112125
0.918902173906411
0.218423818386052
0.86914803297913
0.295479489004255
0.734292259786611
