0.243498054174483
0.243498054174483
9.08794463988661e-09
9.08794463988661e-09
0.300966698180028
0.243498054174483
0.998309921504226
0.999037459854916
0.893338571182149
0.011247031559059
0.804233073950843
0.434808971676313
0.886928216681141
0.802435930120372
0.753803986803512
0.647000149549738
0.068093116804362
0.330894013692338
0.919668370099369
0.25950479163538
0.243498054174483
0.243498054174483
9.08794463988661e-09
9.08794463988661e-09
0.300966698180028
0.243498054174483
0.998309921504226
0.999037459854916
0.893338571182149
0.011247031559059
0.804233073950843
0.434808971676313
0.886928216681141
0.802435930120372
0.753803986803512
0.647000149549738
0.068093116804362
0.330894013692338
0.919668370099369
0.25950479163538
