1.52927591104946e-08
0.357820916076027
1.52927591104946e-08
1.52927591104946e-08
0.187144242206632
0.187144242206632
0.998975199584392
0.999246206999478
0.975271507083701
0.982885854800223
0.996490613520091
6.67215448390673e-16
0.997006145518988
0.111881217297131
0.973874024616249
0.997684669823611
0.181969336411323
0.132536076959535
0.0433031224630287
0.90359949350543
1.52927591104946e-08
0.357820916076027
1.52927591104946e-08
1.52927591104946e-08
0.187144242206632
0.187144242206632
0.998975199584392
0.999246206999478
0.975271507083701
0.982885854800223
0.996490613520091
6.67215448390673e-16
0.997006145518988
0.111881217297131
0.973874024616249
0.997684669823611
0.181969336411323
0.132536076959535
0.0433031224630287
0.90359949350543
