0.999475925353993
0.999664205304871
0.999664205304871
0.999475925353993
0.999664205304871
0.999664205304871
0.998663053763307
0.244434295935656
0.347415272188155
0.991765144565075
0.997006145518988
6.57125170038464e-16
0.963261423580968
0.946198494861072
0.81461723739249
0.963478435871093
0.00702084146595036
0.997915956090436
0.63708783071913
0.119555137009451
0.999475925353993
0.999664205304871
0.999664205304871
0.999475925353993
0.999664205304871
0.999664205304871
0.998663053763307
0.244434295935656
0.347415272188155
0.991765144565075
0.997006145518988
6.57125170038464e-16
0.963261423580968
0.946198494861072
0.81461723739249
0.963478435871093
0.00702084146595036
0.997915956090436
0.63708783071913
0.119555137009451
