0.000131379742231748
0.000131379742231748
0.298717100445482
0.00032886990944847
0.357820916076027
0.300966698180028
0.998309921504226
0.993073712087652
0.745568412022925
0.0684675939240284
0.953243759659527
0.0266881453142707
0.396019402761897
0.868905650660561
0.983921481710242
0.958071815819024
0.722842967952094
0.328033955189799
0.564021103962834
0.90560526276123
0.000131379742231748
0.000131379742231748
0.298717100445482
0.00032886990944847
0.357820916076027
0.300966698180028
0.998309921504226
0.993073712087652
0.745568412022925
0.0684675939240284
0.953243759659527
0.0266881453142707
0.396019402761897
0.868905650660561
0.983921481710242
0.958071815819024
0.722842967952094
0.328033955189799
0.564021103962834
0.90560526276123
