0.999475925353993
0.999664205304871
0.999664205304871
0.999664205304871
0.999664205304871
0.999475925353993
0.998663053763307
0.0225026285535522
0.995934874687235
0.986189402586184
0.989150736534848
1.24343801608245e-07
0.967924081115097
0.322093515166781
0.929931770538468
0.916018330338641
0.0861994593618481
0.998309921504226
0.372651565864686
0.970970672480293
0.999475925353993
0.999664205304871
0.999664205304871
0.999664205304871
0.999664205304871
0.999475925353993
0.998663053763307
0.0225026285535522
0.995934874687235
0.986189402586184
0.989150736534848
1.24343801608245e-07
0.967924081115097
0.322093515166781
0.929931770538468
0.916018330338641
0.0861994593618481
0.998309921504226
0.372651565864686
0.970970672480293
