0.000131379742231748
0.000129980938471458
0.302091174952515
0.302091174952515
0.357820916076027
0.300966698180028
0.998309921504226
0.486847354594737
0.96126615894922
0.82070070038297
0.3136949553729
0.720951656115501
0.424669210848188
0.97495622684616
0.118438041577199
0.945955493289388
0.967489785950332
0.386441925901115
0.759394678069625
0.823385417150807
0.000131379742231748
0.000129980938471458
0.302091174952515
0.302091174952515
0.357820916076027
0.300966698180028
0.998309921504226
0.486847354594737
0.96126615894922
0.82070070038297
0.3136949553729
0.720951656115501
0.424669210848188
0.97495622684616
0.118438041577199
0.945955493289388
0.967489785950332
0.386441925901115
0.759394678069625
0.823385417150807
