0.000726807443484618
0.000726807443484618
0.000331210818369258
0.000331210818369258
0.000726807443484618
0.00033238163102792
0.998309921504226
0.956784508701265
0.595813637949885
0.500045165742979
0.932226819305694
0.193807343236029
0.479743655909731
0.578693091956889
0.40334153976201
0.986256632398609
0.000726807443484618
0.000726807443484618
0.000331210818369258
0.000331210818369258
0.000726807443484618
0.00033238163102792
0.998309921504226
0.956784508701265
0.595813637949885
0.500045165742979
0.932226819305694
0.193807343236029
0.479743655909731
0.578693091956889
0.40334153976201
0.986256632398609
0.465682565687992
0.455761202821219
0.668893407492785
0.837753406180696
