0.0043100133908124
0.0043100133908124
0.00256476508584168
0.00255582611117258
0.465182526619792
0.00142286380071653
0.998975199584392
0.302091174952515
0.409920491931828
0.985126007939341
0.993313068601363
1.26209831534377e-07
0.531666997226845
0.997637334429394
0.99028527474288
0.916018330338641
0.994703417385164
0.99402802266244
0.598689325939903
0.681711238517714
0.0043100133908124
0.0043100133908124
0.00256476508584168
0.00255582611117258
0.465182526619792
0.00142286380071653
0.998975199584392
0.302091174952515
0.409920491931828
0.985126007939341
0.993313068601363
1.26209831534377e-07
0.531666997226845
0.997637334429394
0.99028527474288
0.916018330338641
0.994703417385164
0.99402802266244
0.598689325939903
0.681711238517714
