0.357820916076027
0.357820916076027
1.87437297523179e-08
1.87437297523179e-08
0.412830982567952
0.300966698180028
0.998975199584392
1.25586787097662e-07
0.547531650852165
0.966347554612809
0.992558720394691
6.57125170038464e-16
0.889992706904598
0.856934340759706
0.984024765834516
0.970970672480293
0.0811336050166703
0.996490613520091
0.755107754406323
4.12120491558033e-05
0.357820916076027
0.357820916076027
1.87437297523179e-08
1.87437297523179e-08
0.412830982567952
0.300966698180028
0.998975199584392
1.25586787097662e-07
0.547531650852165
0.966347554612809
0.992558720394691
6.57125170038464e-16
0.889992706904598
0.856934340759706
0.984024765834516
0.970970672480293
0.0811336050166703
0.996490613520091
0.755107754406323
4.12120491558033e-05
