0.999475925353993
0.999475925353993
0.00676663514197663
0.00674344166591959
0.00426547349677484
0.0014278641234551
0.998975199584392
0.999246206999478
0.0210301494532057
0.975271507083701
0.995339088905561
0.00721599354772
0.995934874687235
0.989496464296176
0.995464301775506
0.525284766173994
0.18270796886822
0.998975199584392
0.932142593111483
0.920521659300225
0.999475925353993
0.999475925353993
0.00676663514197663
0.00674344166591959
0.00426547349677484
0.0014278641234551
0.998975199584392
0.999246206999478
0.0210301494532057
0.975271507083701
0.995339088905561
0.00721599354772
0.995934874687235
0.989496464296176
0.995464301775506
0.525284766173994
0.18270796886822
0.998975199584392
0.932142593111483
0.920521659300225
