0.999664205304871
0.999664205304871
0.999664205304871
0.999664205304871
0.999664205304871
0.999664205304871
0.998663053763307
0.997006145518988
0.993313068601363
0.955423205454602
0.991765144565075
1.28712235486982e-07
0.954336665170426
0.926247055122101
0.965568435395347
0.920778172458532
0.989150736534848
0.654891031017258
0.120092087499954
0.444394434491303
0.999664205304871
0.999664205304871
0.999664205304871
0.999664205304871
0.999664205304871
0.999664205304871
0.998663053763307
0.997006145518988
0.993313068601363
0.955423205454602
0.991765144565075
1.28712235486982e-07
0.954336665170426
0.926247055122101
0.965568435395347
0.920778172458532
0.989150736534848
0.654891031017258
0.120092087499954
0.444394434491303
