0.999664205304871
0.999664205304871
0.999664205304871
0.999664205304871
0.999664205304871
0.999664205304871
0.998663053763307
0.0495446987809671
0.992558720394691
0.992558720394691
0.00992072237342693
5.6723679482415e-05
0.972440349563437
0.913593442844348
0.97463881205869
0.803399678777194
0.00705326936379942
0.984024765834516
0.10784986531405
0.20322043520417
0.999664205304871
0.999664205304871
0.999664205304871
0.999664205304871
0.999664205304871
0.999664205304871
0.998663053763307
0.0495446987809671
0.992558720394691
0.992558720394691
0.00992072237342693
5.6723679482415e-05
0.972440349563437
0.913593442844348
0.97463881205869
0.803399678777194
0.00705326936379942
0.984024765834516
0.10784986531405
0.20322043520417
