0.000331210818369258
0.000131379742231748
0.000330040242079313
0.000331210818369258
0.357820916076027
0.00032886990944847
0.998309921504226
0.906067854463224
0.691686480396286
0.964000466752839
0.0966647844950129
0.919695515126905
0.865731023163249
0.827524670869917
0.757055143770325
0.666422232198517
0.193564131007799
0.322977843536487
0.85255062392991
0.575844470059971
0.000331210818369258
0.000131379742231748
0.000330040242079313
0.000331210818369258
0.357820916076027
0.00032886990944847
0.998309921504226
0.906067854463224
0.691686480396286
0.964000466752839
0.0966647844950129
0.919695515126905
0.865731023163249
0.827524670869917
0.757055143770325
0.666422232198517
0.193564131007799
0.322977843536487
0.85255062392991
0.575844470059971
