0.999475925353993
0.999475925353993
0.999475925353993
0.999475925353993
0.0100927931517892
0.999475925353993
0.998975199584392
6.25553045079859e-05
0.351321215016101
0.959691162720539
0.996490613520091
6.67215448390673e-16
0.954529094557238
0.588732106058444
0.975271507083701
0.948677813025326
0.350019718215055
0.977653304861361
0.68691896156565
0.654324251819624
0.999475925353993
0.999475925353993
0.999475925353993
0.999475925353993
0.0100927931517892
0.999475925353993
0.998975199584392
6.25553045079859e-05
0.351321215016101
0.959691162720539
0.996490613520091
6.67215448390673e-16
0.954529094557238
0.588732106058444
0.975271507083701
0.948677813025326
0.350019718215055
0.977653304861361
0.68691896156565
0.654324251819624
