0.999664205304871
0.999664205304871
0.999664205304871
0.999664205304871
0.999664205304871
0.999664205304871
0.998663053763307
0.185664676972182
0.976632607745922
0.991765144565075
0.859179388498366
6.60482555323726e-16
0.970970672480293
0.281350057103914
0.936325533926862
0.826869680660112
0.994703417385164
0.997481312122303
0.973874024616249
0.23320341038208
0.999664205304871
0.999664205304871
0.999664205304871
0.999664205304871
0.999664205304871
0.999664205304871
0.998663053763307
0.185664676972182
0.976632607745922
0.991765144565075
0.859179388498366
6.60482555323726e-16
0.970970672480293
0.281350057103914
0.936325533926862
0.826869680660112
0.994703417385164
0.997481312122303
0.973874024616249
0.23320341038208
