0.999664205304871
0.999664205304871
0.999664205304871
0.999475925353993
0.999664205304871
0.999664205304871
0.998663053763307
0.711324202393327
0.989150736534848
0.985126007939341
0.997481312122303
5.55811272414624e-16
0.976632607745922
0.937260076486115
0.824917894333438
0.944738925514865
0.128731344962654
0.0876560097683096
0.815069005588161
0.527387498530418
0.999664205304871
0.999664205304871
0.999664205304871
0.999475925353993
0.999664205304871
0.999664205304871
0.998663053763307
0.711324202393327
0.989150736534848
0.985126007939341
0.997481312122303
5.55811272414624e-16
0.976632607745922
0.937260076486115
0.824917894333438
0.944738925514865
0.128731344962654
0.0876560097683096
0.815069005588161
0.527387498530418
