0.999664205304871
0.999664205304871
0.999664205304871
0.999664205304871
0.999664205304871
0.999664205304871
0.998663053763307
0.996490613520091
0.99402802266244
0.994703417385164
0.99402802266244
4.16318723737636e-05
0.921913855841081
0.948677813025326
0.929043102252506
0.88224738345297
0.00702084146595036
0.294215629519538
0.893208036371163
0.668828400333633
0.999664205304871
0.999664205304871
0.999664205304871
0.999664205304871
0.999664205304871
0.999664205304871
0.998663053763307
0.996490613520091
0.99402802266244
0.994703417385164
0.99402802266244
4.16318723737636e-05
0.921913855841081
0.948677813025326
0.929043102252506
0.88224738345297
0.00702084146595036
0.294215629519538
0.893208036371163
0.668828400333633
