6.47032796943459e-09
6.47032796943459e-09
6.47032796943459e-09
6.47032796943459e-09
0.187144242206632
0.187144242206632
0.998309921504226
0.956382398402508
0.985367913881828
0.81399513171441
0.980472395285663
0.606797279101346
0.137018815966869
0.727130841699535
0.614957708006066
0.892962094566269
0.333538352353836
0.989064571459876
0.558774964473146
0.899370669820048
6.47032796943459e-09
6.47032796943459e-09
6.47032796943459e-09
6.47032796943459e-09
0.187144242206632
0.187144242206632
0.998309921504226
0.956382398402508
0.985367913881828
0.81399513171441
0.980472395285663
0.606797279101346
0.137018815966869
0.727130841699535
0.614957708006066
0.892962094566269
0.333538352353836
0.989064571459876
0.558774964473146
0.899370669820048
