0.999664205304871
0.999664205304871
0.999664205304871
0.999664205304871
0.999664205304871
0.999664205304871
0.998663053763307
0.0219108244468148
0.991765144565075
0.988201942072641
0.682928927683126
0.00974868614611929
0.5438921925737
0.847041730382513
0.975271507083701
0.975271507083701
0.00705326936379942
0.990060982783279
0.611473795532945
0.00692379662076763
0.999664205304871
0.999664205304871
0.999664205304871
0.999664205304871
0.999664205304871
0.999664205304871
0.998663053763307
0.0219108244468148
0.991765144565075
0.988201942072641
0.682928927683126
0.00974868614611929
0.5438921925737
0.847041730382513
0.975271507083701
0.975271507083701
0.00705326936379942
0.990060982783279
0.611473795532945
0.00692379662076763
