0.00142286380071653
0.0014278641234551
0.414284726122671
0.414284726122671
0.412830982567952
0.357820916076027
0.998975199584392
6.25553045079859e-05
0.988201942072641
0.954336665170426
0.997915956090436
6.8415213123216e-16
0.997006145518988
0.628960868234625
0.997692348211158
0.959691162720539
0.991765144565075
0.243498054174483
0.783474898897758
0.453645389458736
0.00142286380071653
0.0014278641234551
0.414284726122671
0.414284726122671
0.412830982567952
0.357820916076027
0.998975199584392
6.25553045079859e-05
0.988201942072641
0.954336665170426
0.997915956090436
6.8415213123216e-16
0.997006145518988
0.628960868234625
0.997692348211158
0.959691162720539
0.991765144565075
0.243498054174483
0.783474898897758
0.453645389458736
