0.999475925353993
0.999475925353993
0.999475925353993
0.999475925353993
0.00428031887779163
0.0043100133908124
0.998975199584392
0.00126519225768311
0.992558720394691
0.969465185256384
0.997915956090436
1.28712235486982e-07
0.990932508966109
0.908654884025022
0.965414644319092
0.809611637255111
0.290837880028197
0.997915956090436
0.727457153051288
0.793056975469781
0.999475925353993
0.999475925353993
0.999475925353993
0.999475925353993
0.00428031887779163
0.0043100133908124
0.998975199584392
0.00126519225768311
0.992558720394691
0.969465185256384
0.997915956090436
1.28712235486982e-07
0.990932508966109
0.908654884025022
0.965414644319092
0.809611637255111
0.290837880028197
0.997915956090436
0.727457153051288
0.793056975469781
