4.26676314538134e-09
4.26676314538134e-09
2.53191349225267e-09
2.53191349225267e-09
0.187144242206632
0.187144242206632
0.998309921504226
0.00455968139589906
0.0704350363039134
0.766319938407276
0.469010686374084
0.872637555682239
0.822265870923117
0.956519264439938
0.901850982978619
0.450517288718592
0.985007355855403
0.456632629695692
0.15184503546459
0.002833799250573
4.26676314538134e-09
4.26676314538134e-09
2.53191349225267e-09
2.53191349225267e-09
0.187144242206632
0.187144242206632
0.998309921504226
0.00455968139589906
0.0704350363039134
0.766319938407276
0.469010686374084
0.872637555682239
0.822265870923117
0.956519264439938
0.901850982978619
0.450517288718592
0.985007355855403
0.456632629695692
0.15184503546459
0.002833799250573
