0.244434295935656
0.243498054174483
1.20520749458076e-08
1.20520749458076e-08
0.300966698180028
0.300966698180028
0.998309921504226
0.738155190770678
0.517475846764157
0.453865779634454
0.504868091889162
0.927202364174485
0.903594870326887
0.00805435317940733
0.0644793260436845
0.0836286499737269
0.95328522898504
0.0460010074460144
0.223922493282429
0.00654211746621658
0.244434295935656
0.243498054174483
1.20520749458076e-08
1.20520749458076e-08
0.300966698180028
0.300966698180028
0.998309921504226
0.738155190770678
0.517475846764157
0.453865779634454
0.504868091889162
0.927202364174485
0.903594870326887
0.00805435317940733
0.0644793260436845
0.0836286499737269
0.95328522898504
0.0460010074460144
0.223922493282429
0.00654211746621658
