1
1
1
1
1
1
0.999938523832014
0.999999996171398
0.999739959553215
0.999999999971472
0.999999999219891
0.469904226397963
8.40535092529782e-45
0.996687300417569
0.0937243449318925
0.636537969753756
1.35568735099827e-31
0.722465856007023
0.99475193433988
0.727541868270817
1
1
1
1
1
1
0.999938523832014
0.999999996171398
0.999739959553215
0.999999999971472
0.999999999219891
0.469904226397963
8.40535092529782e-45
0.996687300417569
0.0937243449318925
0.636537969753756
1.35568735099827e-31
0.722465856007023
0.99475193433988
0.727541868270817
