0.852200436893163
0.852200436893163
0.852200436893163
0.852200436893163
0.852200436893163
0.852200436893163
0.502183383940271
0.999371155050986
0.981717354914484
5.9791662934653e-06
0.751763350313953
0.824226030805199
0.0172022353262464
2.8757774462847e-07
0.183637327381625
0.909959916044032
0.999873236897258
0.762866071131451
0.933619145306939
0.0768984373914045
0.852200436893163
0.852200436893163
0.852200436893163
0.852200436893163
0.852200436893163
0.852200436893163
0.502183383940271
0.999371155050986
0.981717354914484
5.9791662934653e-06
0.751763350313953
0.824226030805199
0.0172022353262464
2.8757774462847e-07
0.183637327381625
0.909959916044032
0.999873236897258
0.762866071131451
0.933619145306939
0.0768984373914045
