0.999735790161443
0.999993836062809
0.999993836062809
0.999993836062809
0.999993836062809
0.999993836062809
0.999796666147259
0.991561631652071
0.989286706895747
0.832423979698224
0.50824368458581
0.962153568552891
0.999990420051517
0.78607363435594
0.617037476024963
0.999999613856764
4.40918195830142e-23
0.999999998246117
0.673821412956325
0.0514668090526593
0.999735790161443
0.999993836062809
0.999993836062809
0.999993836062809
0.999993836062809
0.999993836062809
0.999796666147259
0.991561631652071
0.989286706895747
0.832423979698224
0.50824368458581
0.962153568552891
0.999990420051517
0.78607363435594
0.617037476024963
0.999999613856764
4.40918195830142e-23
0.999999998246117
0.673821412956325
0.0514668090526593
