0.125021283248474
0.125021283248474
0.0263728728132794
0.0263728728132794
0.0335202953255719
0.0368952606976342
0.187226864697026
0.999971722936962
0.119001446648606
0.962334727803829
6.77876790235031e-07
0.671057184726471
7.83186142441945e-47
0.972930688707402
0.925113318204328
0.951051190228647
0.453089970409071
0.961098285847618
0.429427232136016
0.997387091821761
0.125021283248474
0.125021283248474
0.0263728728132794
0.0263728728132794
0.0335202953255719
0.0368952606976342
0.187226864697026
0.999971722936962
0.119001446648606
0.962334727803829
6.77876790235031e-07
0.671057184726471
7.83186142441945e-47
0.972930688707402
0.925113318204328
0.951051190228647
0.453089970409071
0.961098285847618
0.429427232136016
0.997387091821761
