0.577023507193009
0.00445272809520693
0.00445272809520693
0.00445272809520693
0.00445272809520693
0.577023507193009
0.232597448979949
0.998606719890821
0.997940785522392
0.979631543659929
0.0103947492803061
0.541168307621844
3.49005512693075e-11
0.00256480695101135
0.806377893819627
0.587082315710796
0.108662975447248
0.820759928669389
0.944966818060876
0.946990074167152
0.577023507193009
0.00445272809520693
0.00445272809520693
0.00445272809520693
0.00445272809520693
0.577023507193009
0.232597448979949
0.998606719890821
0.997940785522392
0.979631543659929
0.0103947492803061
0.541168307621844
3.49005512693075e-11
0.00256480695101135
0.806377893819627
0.587082315710796
0.108662975447248
0.820759928669389
0.944966818060876
0.946990074167152
