0.999999997899002
0.999999997899002
0.999999997899002
0.999999997899002
0.999999997899002
0.999999997899002
0.99998229684364
1.38840172012865e-07
0.999999596530499
0.661411962584632
0.997442999061389
0.998375101297076
0.999998373035164
0.925082767504946
0.00124930582995806
0.761477691730425
8.64756313438707e-44
0.284479514368692
0.849820137304052
0.999998840827971
0.999999997899002
0.999999997899002
0.999999997899002
0.999999997899002
0.999999997899002
0.999999997899002
0.99998229684364
1.38840172012865e-07
0.999999596530499
0.661411962584632
0.997442999061389
0.998375101297076
0.999998373035164
0.925082767504946
0.00124930582995806
0.761477691730425
8.64756313438707e-44
0.284479514368692
0.849820137304052
0.999998840827971
