8.47292976702642e-07
8.47292976702642e-07
7.92062702276758e-07
7.92062702276758e-07
6.94273629084253e-07
7.87740279384066e-07
0.999751074929392
0.996538108569721
0.992174255549913
0.0216588158203905
0.72135561563579
0.78858540275522
0.822355963660001
0.989844055859408
0.162328853724763
0.648220704321204
0.465245266698686
0.925941079080655
0.930798303299359
0.198778893940307
8.47292976702642e-07
8.47292976702642e-07
7.92062702276758e-07
7.92062702276758e-07
6.94273629084253e-07
7.87740279384066e-07
0.999751074929392
0.996538108569721
0.992174255549913
0.0216588158203905
0.72135561563579
0.78858540275522
0.822355963660001
0.989844055859408
0.162328853724763
0.648220704321204
0.465245266698686
0.925941079080655
0.930798303299359
0.198778893940307
