0.0293880931843397
0.136286555590718
0.0263728728132794
0.0263728728132794
0.0245281358311094
0.0368952606976342
0.187226864697026
0.995543320479603
0.183977429412402
0.385604561330088
0.528867305730965
0.998388756474261
0.370327897875686
0.641291720250769
0.332600015655917
0.800674068964404
0.975420741548331
1.15149834870243e-05
0.939075170518351
0.0445363928091256
0.0293880931843397
0.136286555590718
0.0263728728132794
0.0263728728132794
0.0245281358311094
0.0368952606976342
0.187226864697026
0.995543320479603
0.183977429412402
0.385604561330088
0.528867305730965
0.998388756474261
0.370327897875686
0.641291720250769
0.332600015655917
0.800674068964404
0.975420741548331
1.15149834870243e-05
0.939075170518351
0.0445363928091256
