8.47292976702642e-07
8.47292976702642e-07
3.08975543324382e-07
3.08975543324382e-07
6.94273629084253e-07
7.87740279384066e-07
0.999751074929392
0.999994418799321
0.91862333030271
0.997901575895454
0.959913621273466
0.994549734972806
0.678861631302812
0.978425729943674
0.99989036440775
0.959535211054495
0.904663351730043
0.73242440371702
0.0055937583019665
0.998276855857518
8.47292976702642e-07
8.47292976702642e-07
3.08975543324382e-07
3.08975543324382e-07
6.94273629084253e-07
7.87740279384066e-07
0.999751074929392
0.999994418799321
0.91862333030271
0.997901575895454
0.959913621273466
0.994549734972806
0.678861631302812
0.978425729943674
0.99989036440775
0.959535211054495
0.904663351730043
0.73242440371702
0.0055937583019665
0.998276855857518
