0.974582097980829
0.974582097980829
0.998383792224051
0.998383792224051
0.998251423455351
0.998251423455351
0.802796967379432
0.998663829004966
0.993102854206772
0.358569744125349
0.778516777025339
0.999970911840496
0.974456642192403
0.000590682579558282
0.667354416822757
0.973825789582975
0.942209536001351
0.949012294075496
0.97257971339686
0.797307380569995
0.974582097980829
0.974582097980829
0.998383792224051
0.998383792224051
0.998251423455351
0.998251423455351
0.802796967379432
0.998663829004966
0.993102854206772
0.358569744125349
0.778516777025339
0.999970911840496
0.974456642192403
0.000590682579558282
0.667354416822757
0.973825789582975
0.942209536001351
0.949012294075496
0.97257971339686
0.797307380569995
