1.54358341991913e-07
8.47292976702642e-07
7.92062702276758e-07
7.92062702276758e-07
6.94273629084253e-07
1.99961449405465e-06
0.999751074929392
0.998809430227486
0.998531624488895
0.898179461206771
0.79506127681667
0.886856622456506
0.935952493011561
0.770531584759143
0.891985086540958
0.104534869696091
7.59767931581865e-14
0.980016335257435
0.00129462571295981
0.601392626516143
1.54358341991913e-07
8.47292976702642e-07
7.92062702276758e-07
7.92062702276758e-07
6.94273629084253e-07
1.99961449405465e-06
0.999751074929392
0.998809430227486
0.998531624488895
0.898179461206771
0.79506127681667
0.886856622456506
0.935952493011561
0.770531584759143
0.891985086540958
0.104534869696091
7.59767931581865e-14
0.980016335257435
0.00129462571295981
0.601392626516143
