0.988298630512922
0.97950064203968
4.51445645871221e-07
4.915978150466e-07
1.73775375473975e-06
2.24667644014612e-06
0.999751074929392
0.996358591768245
0.919907504658637
0.641436425970398
0.0287131589567812
0.652605203474055
0.900420573210427
0.792222383203743
0.968732559097178
0.983823396940788
0.907370415781086
0.992587254148335
0.361015776528193
0.653951578917789
0.988298630512922
0.97950064203968
4.51445645871221e-07
4.915978150466e-07
1.73775375473975e-06
2.24667644014612e-06
0.999751074929392
0.996358591768245
0.919907504658637
0.641436425970398
0.0287131589567812
0.652605203474055
0.900420573210427
0.792222383203743
0.968732559097178
0.983823396940788
0.907370415781086
0.992587254148335
0.361015776528193
0.653951578917789
