0.948217733608705
0.948217733608705
3.31120602551508e-08
1.68095633423789e-08
5.29074470908623e-08
2.14830336130619e-07
0.999796666147259
0.802757417131973
0.99999249146701
0.233155625100517
0.999955818962191
0.999560313454343
0.232487886403564
0.999264497792124
0.999980202381808
1.58864947241588e-07
6.58902367444316e-21
0.997891274592043
0.014324352055029
0.997793577760419
0.948217733608705
0.948217733608705
3.31120602551508e-08
1.68095633423789e-08
5.29074470908623e-08
2.14830336130619e-07
0.999796666147259
0.802757417131973
0.99999249146701
0.233155625100517
0.999955818962191
0.999560313454343
0.232487886403564
0.999264497792124
0.999980202381808
1.58864947241588e-07
6.58902367444316e-21
0.997891274592043
0.014324352055029
0.997793577760419
