0.999999997899002
0.999999997899002
0.999999997899002
0.999999997899002
0.999999997899002
0.999999997899002
0.99998229684364
0.292225651969252
0.999962580935387
0.210424650618462
0.999270227620284
0.00377465442979036
0.99999959819308
0.926089354394821
0.997723018609043
2.80968248782586e-10
1.74596896974076e-19
0.99998163947907
0.310458067777387
0.993086742428224
0.999999997899002
0.999999997899002
0.999999997899002
0.999999997899002
0.999999997899002
0.999999997899002
0.99998229684364
0.292225651969252
0.999962580935387
0.210424650618462
0.999270227620284
0.00377465442979036
0.99999959819308
0.926089354394821
0.997723018609043
2.80968248782586e-10
1.74596896974076e-19
0.99998163947907
0.310458067777387
0.993086742428224
