0.852200436893163
0.852200436893163
0.852200436893163
0.852200436893163
0.852200436893163
0.852200436893163
0.502183383940271
0.990138449919367
0.999817765993495
0.0345343923255637
0.903473467759377
0.649274621589101
0.423783741993832
0.176858718051732
0.922504227588988
0.990548534564599
0.976104023811008
0.637059844862952
0.993095591474511
0.0206303858223912
0.852200436893163
0.852200436893163
0.852200436893163
0.852200436893163
0.852200436893163
0.852200436893163
0.502183383940271
0.990138449919367
0.999817765993495
0.0345343923255637
0.903473467759377
0.649274621589101
0.423783741993832
0.176858718051732
0.922504227588988
0.990548534564599
0.976104023811008
0.637059844862952
0.993095591474511
0.0206303858223912
