0.160317705342029
0.125021283248474
0.0227539954858187
0.0227539954858187
0.0335202953255719
0.0335202953255719
0.187226864697026
0.997974405161137
0.412369248107319
0.961794210341239
0.0703842318143867
0.559970775908577
0.393422299183877
0.633039231471197
0.989084931882402
0.306461135235953
0.200129786780303
0.993981361882125
0.137722218838089
0.677444189893465
0.160317705342029
0.125021283248474
0.0227539954858187
0.0227539954858187
0.0335202953255719
0.0335202953255719
0.187226864697026
0.997974405161137
0.412369248107319
0.961794210341239
0.0703842318143867
0.559970775908577
0.393422299183877
0.633039231471197
0.989084931882402
0.306461135235953
0.200129786780303
0.993981361882125
0.137722218838089
0.677444189893465
