1
1
1
1
1
1
0.999938523832014
0.999965706281459
0.999999998462837
0.999991106850022
0.999999782049781
0.999994291332943
0.986412923678139
5.81737277932489e-17
0.963970912462634
0.432570598839615
1.12035364695039e-16
0.999342578428816
0.999966830201664
0.981960249077111
1
1
1
1
1
1
0.999938523832014
0.999965706281459
0.999999998462837
0.999991106850022
0.999999782049781
0.999994291332943
0.986412923678139
5.81737277932489e-17
0.963970912462634
0.432570598839615
1.12035364695039e-16
0.999342578428816
0.999966830201664
0.981960249077111
