1
1
1
1
1
1
0.999938523832014
0.999952817661208
0.999987484127382
0.996309997358756
0.999999999983427
0.0129156134843829
7.8570638829441e-45
5.02822973531726e-08
0.721701338313295
0.985190772922624
3.55891065762458e-23
0.999999999990055
0.998944190485368
0.994860330320122
1
1
1
1
1
1
0.999938523832014
0.999952817661208
0.999987484127382
0.996309997358756
0.999999999983427
0.0129156134843829
7.8570638829441e-45
5.02822973531726e-08
0.721701338313295
0.985190772922624
3.55891065762458e-23
0.999999999990055
0.998944190485368
0.994860330320122
