1
1
1
1
1
0.999999999996629
0.999938523832014
0.999999939726916
0.99999995730533
0.999999907060935
0.99999874430428
0.975710200718426
0.993436284477031
0.00195352936212324
1.12610777940238e-21
0.999997898116658
1.77136751540169e-20
0.918685111474313
0.999493785818674
0.999972118523693
1
1
1
1
1
0.999999999996629
0.999938523832014
0.999999939726916
0.99999995730533
0.999999907060935
0.99999874430428
0.975710200718426
0.993436284477031
0.00195352936212324
1.12610777940238e-21
0.999997898116658
1.77136751540169e-20
0.918685111474313
0.999493785818674
0.999972118523693
