0.999999999996629
1
1
0.999999999996629
1
0.999999999996629
0.995952878266689
0.999946579329861
0.999997151082125
0.999999913872915
0.999999999999731
0.99957726650159
6.80866479976811e-26
0.157270179275876
0.218708266582261
0.81213419264892
1.16298027476502e-08
0.99999986985106
0.99812008645397
0.999997024486372
0.999999999996629
1
1
0.999999999996629
1
0.999999999996629
0.995952878266689
0.999946579329861
0.999997151082125
0.999999913872915
0.999999999999731
0.99957726650159
6.80866479976811e-26
0.157270179275876
0.218708266582261
0.81213419264892
1.16298027476502e-08
0.99999986985106
0.99812008645397
0.999997024486372
