0.999994634982357
0.00445272809520693
0.00445272809520693
0.577023507193009
0.00445272809520693
0.999994634982357
0.232597448979949
0.937420378003851
0.99781953525162
0.934042020354022
0.137384137683766
0.669746433211259
1.33223526215468e-07
6.06441015790911e-09
0.962485273784809
0.149460635173526
0.968036637709316
0.959502459174269
0.573294252644385
0.491348922731969
0.999994634982357
0.00445272809520693
0.00445272809520693
0.577023507193009
0.00445272809520693
0.999994634982357
0.232597448979949
0.937420378003851
0.99781953525162
0.934042020354022
0.137384137683766
0.669746433211259
1.33223526215468e-07
6.06441015790911e-09
0.962485273784809
0.149460635173526
0.968036637709316
0.959502459174269
0.573294252644385
0.491348922731969
