0.00445272809520693
0.00445272809520693
0.00445272809520693
0.00445272809520693
0.00445272809520693
0.00445272809520693
0.232597448979949
0.997331141184248
0.99965164328676
0.994466395838496
0.964814955189079
0.00637779294145547
8.21657209681483e-06
2.80208102027917e-21
0.311876391979792
0.000147413757023752
0.288353680497231
0.811428785327677
0.139620051523142
0.985117646565612
0.00445272809520693
0.00445272809520693
0.00445272809520693
0.00445272809520693
0.00445272809520693
0.00445272809520693
0.232597448979949
0.997331141184248
0.99965164328676
0.994466395838496
0.964814955189079
0.00637779294145547
8.21657209681483e-06
2.80208102027917e-21
0.311876391979792
0.000147413757023752
0.288353680497231
0.811428785327677
0.139620051523142
0.985117646565612
