0.0293880931843397
0.136286555590718
0.0263728728132794
0.0263728728132794
0.0245281358311094
0.0274710563861245
0.187226864697026
0.997504231792115
0.96352277172727
0.87524317708649
0.0872907416972069
0.186875632163939
0.143066609459068
0.000181556443081102
0.546612022971788
0.865199069085943
0.252565085137857
0.176000949556436
0.0964873908960328
0.743760263261902
0.0293880931843397
0.136286555590718
0.0263728728132794
0.0263728728132794
0.0245281358311094
0.0274710563861245
0.187226864697026
0.997504231792115
0.96352277172727
0.87524317708649
0.0872907416972069
0.186875632163939
0.143066609459068
0.000181556443081102
0.546612022971788
0.865199069085943
0.252565085137857
0.176000949556436
0.0964873908960328
0.743760263261902
