1.16531610200827e-08
1.51571387072664e-08
3.46610224560245e-09
3.46610224560245e-09
1.62008316816192e-08
4.10406852825088e-08
0.999796666147259
0.99996691592884
0.999998632739881
0.999504420552188
0.370279954480249
0.999991069828537
0.999980921460487
0.999650580728095
0.245284164895812
0.999999954537669
2.03193518143219e-05
0.996547200910101
0.000206546845212249
0.485730839024925
1.16531610200827e-08
1.51571387072664e-08
3.46610224560245e-09
3.46610224560245e-09
1.62008316816192e-08
4.10406852825088e-08
0.999796666147259
0.99996691592884
0.999998632739881
0.999504420552188
0.370279954480249
0.999991069828537
0.999980921460487
0.999650580728095
0.245284164895812
0.999999954537669
2.03193518143219e-05
0.996547200910101
0.000206546845212249
0.485730839024925
