0.999999998788722
0.999999998788722
4.5928713189573e-05
5.65208574944798e-05
0.000145924522128955
0.000133604708503953
0.999902961127676
0.864830353595074
0.37766105763273
0.99994179081846
0.157810530399138
0.909490677296693
0.0106728641381392
0.991577291029158
0.999670673728196
0.072344134807579
0.881010577443938
0.998247142986795
0.156601673504368
0.797601426958827
0.999999998788722
0.999999998788722
4.5928713189573e-05
5.65208574944798e-05
0.000145924522128955
0.000133604708503953
0.999902961127676
0.864830353595074
0.37766105763273
0.99994179081846
0.157810530399138
0.909490677296693
0.0106728641381392
0.991577291029158
0.999670673728196
0.072344134807579
0.881010577443938
0.998247142986795
0.156601673504368
0.797601426958827
