0.828276590006617
0.968452653789813
0.968452653789813
0.968452653789813
0.968452653789813
0.968452653789813
0.531379204250857
0.998971037045665
0.397376316240755
0.965452078422779
0.0908754487437574
0.988152408605565
0.328720744216703
0.0351627770194164
0.915256832970685
0.997633947911232
0.997599800936222
0.68898366314553
0.444612728591569
0.000184025147683237
0.828276590006617
0.968452653789813
0.968452653789813
0.968452653789813
0.968452653789813
0.968452653789813
0.531379204250857
0.998971037045665
0.397376316240755
0.965452078422779
0.0908754487437574
0.988152408605565
0.328720744216703
0.0351627770194164
0.915256832970685
0.997633947911232
0.997599800936222
0.68898366314553
0.444612728591569
0.000184025147683237
