0.020147350851474
0.020147350851474
0.00866637544409106
0.00595758657220179
0.0255868913085545
0.998917705745941
0.0581656804102282
0.970988465478023
0.272077126398394
0.946186697729493
0.901955095137873
0.00536490381963197
3.59352511344816e-16
0.000353351375230177
0.787355032994448
0.00890898738854066
0.684296103970756
0.908916440375777
0.94369206891051
0.990052173826113
0.020147350851474
0.020147350851474
0.00866637544409106
0.00595758657220179
0.0255868913085545
0.998917705745941
0.0581656804102282
0.970988465478023
0.272077126398394
0.946186697729493
0.901955095137873
0.00536490381963197
3.59352511344816e-16
0.000353351375230177
0.787355032994448
0.00890898738854066
0.684296103970756
0.908916440375777
0.94369206891051
0.990052173826113
