0.939567872442139
0.939567872442139
0.977063778018599
0.998270367910526
0.995449625966838
0.977063778018599
0.473470758924224
0.534124714139507
0.0931716196800162
0.0598447823615915
0.543792870579987
0.99112077154598
0.735329847314167
0.0835050148060023
0.627485752330066
0.0178945247092375
0.057657334451995
0.615201646884215
0.211259171038331
0.966714220585948
0.939567872442139
0.939567872442139
0.977063778018599
0.998270367910526
0.995449625966838
0.977063778018599
0.473470758924224
0.534124714139507
0.0931716196800162
0.0598447823615915
0.543792870579987
0.99112077154598
0.735329847314167
0.0835050148060023
0.627485752330066
0.0178945247092375
0.057657334451995
0.615201646884215
0.211259171038331
0.966714220585948
