0.020147350851474
0.020147350851474
0.020147350851474
0.020147350851474
0.998551716361425
0.999999993664814
0.0581656804102282
0.996381302966363
0.998185772712856
0.962476605834453
0.0445690572738858
0.250287587854777
8.70614686565348e-08
6.59130974556878e-06
0.831083633315938
0.347761769953739
0.395832250725012
0.794128933885003
0.578274875091451
0.101834780213064
0.020147350851474
0.020147350851474
0.020147350851474
0.020147350851474
0.998551716361425
0.999999993664814
0.0581656804102282
0.996381302966363
0.998185772712856
0.962476605834453
0.0445690572738858
0.250287587854777
8.70614686565348e-08
6.59130974556878e-06
0.831083633315938
0.347761769953739
0.395832250725012
0.794128933885003
0.578274875091451
0.101834780213064
