0.999999999996629
1
1
1
1
0.999999999996629
0.999938523832014
0.999689334922882
0.999999998357344
0.999999999304385
0.999999999977537
0.997439867550087
4.50712013303999e-25
3.17518816715756e-25
0.934743958097131
0.968250173817908
0.951158571271838
0.999999992387592
0.998148723898777
0.0398465114017856
0.999999999996629
1
1
1
1
0.999999999996629
0.999938523832014
0.999689334922882
0.999999998357344
0.999999999304385
0.999999999977537
0.997439867550087
4.50712013303999e-25
3.17518816715756e-25
0.934743958097131
0.968250173817908
0.951158571271838
0.999999992387592
0.998148723898777
0.0398465114017856
