0.993319847483236
0.993319847483236
0.995923190130467
0.995923190130467
0.998472402514222
0.998383792224051
0.473470758924224
0.870326809845399
0.918470531184828
3.50334619483483e-11
0.824138659947723
0.972170656326826
0.973256213020915
0.569436244984915
0.919040381667138
0.560783312358836
0.481771889428751
0.810370272499095
0.760695218985316
0.112474527637172
0.993319847483236
0.993319847483236
0.995923190130467
0.995923190130467
0.998472402514222
0.998383792224051
0.473470758924224
0.870326809845399
0.918470531184828
3.50334619483483e-11
0.824138659947723
0.972170656326826
0.973256213020915
0.569436244984915
0.919040381667138
0.560783312358836
0.481771889428751
0.810370272499095
0.760695218985316
0.112474527637172
