0.998011278176556
0.998011278176556
0.998383792224051
0.998383792224051
0.997653315585955
0.998251423455351
0.473470758924224
0.277841749389189
0.012524661057856
0.31581696681859
0.986650916166298
0.801948878953417
0.161187941425719
0.532514523186638
0.517166332702533
0.576439569431852
0.95324842645771
0.846788627680866
0.251922654000573
0.14066959044448
0.998011278176556
0.998011278176556
0.998383792224051
0.998383792224051
0.997653315585955
0.998251423455351
0.473470758924224
0.277841749389189
0.012524661057856
0.31581696681859
0.986650916166298
0.801948878953417
0.161187941425719
0.532514523186638
0.517166332702533
0.576439569431852
0.95324842645771
0.846788627680866
0.251922654000573
0.14066959044448
