0.989022635840542
0.997335680718651
0.999557704828796
0.977063778018599
0.99720119230738
0.994344544791572
0.473470758924224
0.845911944873085
0.820209575702578
0.278451523158751
0.572258991199085
0.800108019432008
0.325994054410439
0.594392200785594
0.974122174839326
0.743396550844717
0.554569992849327
0.00381782482960884
0.21631944079111
0.884475190896412
0.989022635840542
0.997335680718651
0.999557704828796
0.977063778018599
0.99720119230738
0.994344544791572
0.473470758924224
0.845911944873085
0.820209575702578
0.278451523158751
0.572258991199085
0.800108019432008
0.325994054410439
0.594392200785594
0.974122174839326
0.743396550844717
0.554569992849327
0.00381782482960884
0.21631944079111
0.884475190896412
