0.852200436893163
0.852200436893163
0.852200436893163
0.852200436893163
0.852200436893163
0.852200436893163
0.502183383940271
0.993115988407584
0.913904137296312
0.777699328088523
0.84371152839387
0.999455834999146
0.590885042694334
8.24258090759304e-05
0.88984378265917
0.544467076263562
0.814881886605614
0.908051802359441
0.978501674687583
0.441366250852749
0.852200436893163
0.852200436893163
0.852200436893163
0.852200436893163
0.852200436893163
0.852200436893163
0.502183383940271
0.993115988407584
0.913904137296312
0.777699328088523
0.84371152839387
0.999455834999146
0.590885042694334
8.24258090759304e-05
0.88984378265917
0.544467076263562
0.814881886605614
0.908051802359441
0.978501674687583
0.441366250852749
