0.00670556503680399
0.493562653748069
0.230719280010945
0.162040935461428
0.0293583965130644
0.321422903805503
0.187226864697026
0.999157692901115
0.500201980931409
0.160837070972691
0.209729204409484
0.869588611527247
0.296774581367937
0.526736629482299
0.81111731076593
0.985757525435014
0.940036593121784
0.97553199546952
0.277225322176295
0.00134205777731556
0.00670556503680399
0.493562653748069
0.230719280010945
0.162040935461428
0.0293583965130644
0.321422903805503
0.187226864697026
0.999157692901115
0.500201980931409
0.160837070972691
0.209729204409484
0.869588611527247
0.296774581367937
0.526736629482299
0.81111731076593
0.985757525435014
0.940036593121784
0.97553199546952
0.277225322176295
0.00134205777731556
