3.0752739686877e-09
3.5173003051733e-09
3.08975543324382e-07
3.08975543324382e-07
8.0542499341831e-07
8.0542499341831e-07
0.999991398014621
0.991616074269459
0.999999847595265
0.995730160515382
0.998363998225415
0.00136534346046561
0.999999999835558
0.104288703144453
0.874672866564388
0.999935683345215
0.000190467468184355
0.999998402103418
0.965088169633038
0.776023593981284
3.0752739686877e-09
3.5173003051733e-09
3.08975543324382e-07
3.08975543324382e-07
8.0542499341831e-07
8.0542499341831e-07
0.999991398014621
0.991616074269459
0.999999847595265
0.995730160515382
0.998363998225415
0.00136534346046561
0.999999999835558
0.104288703144453
0.874672866564388
0.999935683345215
0.000190467468184355
0.999998402103418
0.965088169633038
0.776023593981284
