0.978884618986015
0.968452653789813
0.828276590006617
0.978884618986015
0.828276590006617
0.978884618986015
0.531379204250857
0.962032543924737
0.854316901996898
0.0335037553316502
7.87344328653052e-06
0.956542430834401
0.970041539231664
0.00521869715014025
0.0966781508340969
0.676272124670069
0.811099539547072
0.949012294075496
0.991406646226335
0.234028885803345
0.978884618986015
0.968452653789813
0.828276590006617
0.978884618986015
0.828276590006617
0.978884618986015
0.531379204250857
0.962032543924737
0.854316901996898
0.0335037553316502
7.87344328653052e-06
0.956542430834401
0.970041539231664
0.00521869715014025
0.0966781508340969
0.676272124670069
0.811099539547072
0.949012294075496
0.991406646226335
0.234028885803345
