0.00445272809520693
0.00445272809520693
0.00445272809520693
0.00445272809520693
0.00445272809520693
0.00445272809520693
0.232597448979949
0.993856703833025
0.999856997492368
0.950592553245071
0.190936990361725
0.00156371254931536
6.16642056703252e-19
0.117492145421735
0.926242461685796
0.0416551211243948
0.381331125778005
0.854784645367337
0.843491471971301
0.923441305186897
0.00445272809520693
0.00445272809520693
0.00445272809520693
0.00445272809520693
0.00445272809520693
0.00445272809520693
0.232597448979949
0.993856703833025
0.999856997492368
0.950592553245071
0.190936990361725
0.00156371254931536
6.16642056703252e-19
0.117492145421735
0.926242461685796
0.0416551211243948
0.381331125778005
0.854784645367337
0.843491471971301
0.923441305186897
