0.0293880931843397
0.0293880931843397
0.0183873688197206
0.0183873688197206
0.0274710563861245
0.0274710563861245
0.187226864697026
0.9513428879648
1.13824777151309e-13
0.415890294195334
0.890847943423216
0.937449109940414
0.0379247951943476
1.28880737168826e-06
0.853925388237367
0.685465758891786
0.828003657934188
0.574010216221887
0.654963404553559
0.229749681560214
0.0293880931843397
0.0293880931843397
0.0183873688197206
0.0183873688197206
0.0274710563861245
0.0274710563861245
0.187226864697026
0.9513428879648
1.13824777151309e-13
0.415890294195334
0.890847943423216
0.937449109940414
0.0379247951943476
1.28880737168826e-06
0.853925388237367
0.685465758891786
0.828003657934188
0.574010216221887
0.654963404553559
0.229749681560214
