0.000119919387921493
0.000119919387921493
0.000119329211566934
0.000119329211566934
7.35651322852922e-05
7.35651322852922e-05
0.999902961127676
0.99999924920246
0.814786212115662
0.981337981684166
0.080061578249625
0.297213796603055
0.687234990681648
0.000245788437411267
1.36649147864787e-09
0.994896279761963
4.52354469539658e-05
0.989833771908289
0.391362639106196
0.0069953010448226
0.000119919387921493
0.000119919387921493
0.000119329211566934
0.000119329211566934
7.35651322852922e-05
7.35651322852922e-05
0.999902961127676
0.99999924920246
0.814786212115662
0.981337981684166
0.080061578249625
0.297213796603055
0.687234990681648
0.000245788437411267
1.36649147864787e-09
0.994896279761963
4.52354469539658e-05
0.989833771908289
0.391362639106196
0.0069953010448226
