1
1
1
1
1
1
0.999938523832014
0.999999999880302
0.999998082786794
0.999999999591498
0.999909351647681
0.999963243008529
6.79086524752941e-16
3.4346704024265e-08
0.0551176756159099
0.99930961973237
2.45557211861183e-11
0.999998575245326
0.980742432525498
0.999994916693655
1
1
1
1
1
1
0.999938523832014
0.999999999880302
0.999998082786794
0.999999999591498
0.999909351647681
0.999963243008529
6.79086524752941e-16
3.4346704024265e-08
0.0551176756159099
0.99930961973237
2.45557211861183e-11
0.999998575245326
0.980742432525498
0.999994916693655
