0.852200436893163
0.852200436893163
0.852200436893163
0.852200436893163
0.852200436893163
0.852200436893163
0.502183383940271
0.999442536903723
0.994996078837701
0.00257915343733325
0.84673013912915
0.563709172777476
0.994391296945533
0.00927523967659987
0.977271490046135
0.550807302280944
0.976313058208439
0.924640640305475
0.682861415528888
0.995793290445545
0.852200436893163
0.852200436893163
0.852200436893163
0.852200436893163
0.852200436893163
0.852200436893163
0.502183383940271
0.999442536903723
0.994996078837701
0.00257915343733325
0.84673013912915
0.563709172777476
0.994391296945533
0.00927523967659987
0.977271490046135
0.550807302280944
0.976313058208439
0.924640640305475
0.682861415528888
0.995793290445545
