0.685380030744734
0.97950064203968
0.98764840991199
0.989074462454547
1.73775375473975e-06
0.977216201733469
0.999751074929392
0.975571522558581
0.195083192039728
0.821124668575745
0.943113419097462
0.800157289081779
0.992107288082757
0.970424063686006
0.951031413577211
0.933604709268474
0.380424756492371
0.852306563444459
0.984568426762475
0.844387807707487
0.685380030744734
0.97950064203968
0.98764840991199
0.989074462454547
1.73775375473975e-06
0.977216201733469
0.999751074929392
0.975571522558581
0.195083192039728
0.821124668575745
0.943113419097462
0.800157289081779
0.992107288082757
0.970424063686006
0.951031413577211
0.933604709268474
0.380424756492371
0.852306563444459
0.984568426762475
0.844387807707487
