0.968452653789813
0.968452653789813
0.954970773058137
0.937423678641625
0.988884542567145
0.99679623980094
0.531379204250857
0.960288283730927
0.996583066745308
0.000313211717151442
0.414273245187764
0.627762875004993
0.540037979483196
0.0637481900856576
0.810792996071123
0.991332414411872
0.120327077027769
0.945294651578869
0.951426309182993
0.327551617180138
0.968452653789813
0.968452653789813
0.954970773058137
0.937423678641625
0.988884542567145
0.99679623980094
0.531379204250857
0.960288283730927
0.996583066745308
0.000313211717151442
0.414273245187764
0.627762875004993
0.540037979483196
0.0637481900856576
0.810792996071123
0.991332414411872
0.120327077027769
0.945294651578869
0.951426309182993
0.327551617180138
