0.00445272809520693
0.00445272809520693
0.00445272809520693
0.00445272809520693
0.00445272809520693
0.00445272809520693
0.232597448979949
0.988622996148695
0.982153423966668
0.998580656958192
0.981878489672976
0.00298513965679744
5.64363152385556e-26
0.0139502461072253
0.971537770712909
0.00246874049121425
0.550986545769768
0.654262780065258
0.698887405036752
0.973602461818533
0.00445272809520693
0.00445272809520693
0.00445272809520693
0.00445272809520693
0.00445272809520693
0.00445272809520693
0.232597448979949
0.988622996148695
0.982153423966668
0.998580656958192
0.981878489672976
0.00298513965679744
5.64363152385556e-26
0.0139502461072253
0.971537770712909
0.00246874049121425
0.550986545769768
0.654262780065258
0.698887405036752
0.973602461818533
