0.97157493317738
0.997227608177467
0.997773954237048
0.997773954237048
0.99720119230738
0.995923190130467
0.473470758924224
0.999530456718257
0.686769312011482
0.0710847216249909
0.0665169459785057
0.504043134665937
0.944486982117569
0.557872179072183
0.59886601387668
0.997786017763163
0.586464299148286
0.948493123217128
0.242126207748987
0.167427439279165
0.97157493317738
0.997227608177467
0.997773954237048
0.997773954237048
0.99720119230738
0.995923190130467
0.473470758924224
0.999530456718257
0.686769312011482
0.0710847216249909
0.0665169459785057
0.504043134665937
0.944486982117569
0.557872179072183
0.59886601387668
0.997786017763163
0.586464299148286
0.948493123217128
0.242126207748987
0.167427439279165
