0.99999999989678
0.99999999989678
7.62064445737798e-05
6.16702643511849e-05
0.000119564454621144
0.000119564454621144
0.995952878266689
0.999995019796162
0.999999994982426
0.999808888960375
0.999999999996774
0.999998892256178
1.81137356673663e-24
0.984678118091546
0.57573376590597
0.999970319826545
4.26843840719642e-16
0.99999968016854
0.998405514838869
0.999998705751891
0.99999999989678
0.99999999989678
7.62064445737798e-05
6.16702643511849e-05
0.000119564454621144
0.000119564454621144
0.995952878266689
0.999995019796162
0.999999994982426
0.999808888960375
0.999999999996774
0.999998892256178
1.81137356673663e-24
0.984678118091546
0.57573376590597
0.999970319826545
4.26843840719642e-16
0.99999968016854
0.998405514838869
0.999998705751891
