0.124928754133075
0.124928754133075
0.0224365819620496
0.0224365819620496
0.0335994509194844
0.0398836776946729
0.0581656804102282
0.994510598866737
0.993655341470049
0.785818573613301
0.138961762898052
0.0290282814314195
6.34032425290623e-25
0.192025587499645
0.999537512489058
0.642999008528037
0.000291958915940089
0.400463008011913
0.854176382216793
0.000741075514457522
0.124928754133075
0.124928754133075
0.0224365819620496
0.0224365819620496
0.0335994509194844
0.0398836776946729
0.0581656804102282
0.994510598866737
0.993655341470049
0.785818573613301
0.138961762898052
0.0290282814314195
6.34032425290623e-25
0.192025587499645
0.999537512489058
0.642999008528037
0.000291958915940089
0.400463008011913
0.854176382216793
0.000741075514457522
