0.968452653789813
0.968452653789813
0.968452653789813
0.968452653789813
0.992903224528697
0.973066027393692
0.531379204250857
0.993805651550272
0.992897110759733
0.99922705625072
0.00269710960819828
0.998088661762784
0.888410379484263
0.00747683861169541
0.329988239285267
0.685736469272278
0.961423980869994
0.997295818145987
0.884581365937692
0.0151738857622794
0.968452653789813
0.968452653789813
0.968452653789813
0.968452653789813
0.992903224528697
0.973066027393692
0.531379204250857
0.993805651550272
0.992897110759733
0.99922705625072
0.00269710960819828
0.998088661762784
0.888410379484263
0.00747683861169541
0.329988239285267
0.685736469272278
0.961423980869994
0.997295818145987
0.884581365937692
0.0151738857622794
