0.999993836062809
0.999993836062809
0.96056111960329
0.931253673006005
2.54683059964062e-07
0.807779145589729
0.999796666147259
0.999999251242286
0.999774157666604
0.109572516089804
0.991172487595358
0.99463754321656
0.999981863090984
0.288578434452645
0.00822743588038565
8.99439317906536e-12
1.76314572377654e-13
0.99999999998786
0.972482868542126
0.998261548488476
0.999993836062809
0.999993836062809
0.96056111960329
0.931253673006005
2.54683059964062e-07
0.807779145589729
0.999796666147259
0.999999251242286
0.999774157666604
0.109572516089804
0.991172487595358
0.99463754321656
0.999981863090984
0.288578434452645
0.00822743588038565
8.99439317906536e-12
1.76314572377654e-13
0.99999999998786
0.972482868542126
0.998261548488476
