0.000182970126332402
0.000182970126332402
0.000113201723139376
0.000113201723139376
9.31010732667884e-05
8.53002615592322e-05
0.999902961127676
0.999999719314215
0.00674958904304553
0.997942745943066
0.041682804580432
0.622031593092835
2.70525112912214e-115
0.999998281196793
0.112883860580485
0.98149004975367
0.379322055895171
0.999982899993728
0.994894273662257
0.994684338814503
0.000182970126332402
0.000182970126332402
0.000113201723139376
0.000113201723139376
9.31010732667884e-05
8.53002615592322e-05
0.999902961127676
0.999999719314215
0.00674958904304553
0.997942745943066
0.041682804580432
0.622031593092835
2.70525112912214e-115
0.999998281196793
0.112883860580485
0.98149004975367
0.379322055895171
0.999982899993728
0.994894273662257
0.994684338814503
