0.000115414186291268
0.000121810344923905
0.000113201723139376
0.000113201723139376
8.53002615592322e-05
8.53002615592322e-05
0.999902961127676
0.99828258328956
0.999499120657543
0.570517528918477
0.731243423437442
0.805068939773424
0.95679762689652
0.222415114512823
0.069008258248445
0.969123564937222
0.48004647402551
0.07151155225382
0.963152172111675
0.00133244769989795
0.000115414186291268
0.000121810344923905
0.000113201723139376
0.000113201723139376
8.53002615592322e-05
8.53002615592322e-05
0.999902961127676
0.99828258328956
0.999499120657543
0.570517528918477
0.731243423437442
0.805068939773424
0.95679762689652
0.222415114512823
0.069008258248445
0.969123564937222
0.48004647402551
0.07151155225382
0.963152172111675
0.00133244769989795
