0.962965778034641
0.962965778034641
0.947076790823704
0.466686167778017
0.871488573405168
0.974086471446725
0.187226864697026
0.950542152232779
0.78734070365865
0.939784872366395
0.000218753996488501
0.0618354713957209
0.995393300058815
0.0160044363404089
0.475260488943637
0.77008889525535
0.70250182242759
0.981017470000445
0.104425100147667
0.967599643954781
0.962965778034641
0.962965778034641
0.947076790823704
0.466686167778017
0.871488573405168
0.974086471446725
0.187226864697026
0.950542152232779
0.78734070365865
0.939784872366395
0.000218753996488501
0.0618354713957209
0.995393300058815
0.0160044363404089
0.475260488943637
0.77008889525535
0.70250182242759
0.981017470000445
0.104425100147667
0.967599643954781
