0.00445272809520693
0.00445272809520693
0.00445272809520693
0.00445272809520693
0.00445272809520693
0.577023507193009
0.232597448979949
0.999367256681995
0.99999684284288
0.989011821639264
0.108486821002579
0.759740292108094
2.31357127611837e-18
0.000191100665119679
0.999636414332313
0.030972258272635
7.28102182355474e-05
0.932239382454938
0.350837587180876
0.976199881139199
0.00445272809520693
0.00445272809520693
0.00445272809520693
0.00445272809520693
0.00445272809520693
0.577023507193009
0.232597448979949
0.999367256681995
0.99999684284288
0.989011821639264
0.108486821002579
0.759740292108094
2.31357127611837e-18
0.000191100665119679
0.999636414332313
0.030972258272635
7.28102182355474e-05
0.932239382454938
0.350837587180876
0.976199881139199
