1
1
1
1
1
1
0.999938523832014
0.999999999982235
0.999999947350767
0.999940555138981
0.999999999999986
0.999996823668764
9.85959087166246e-26
0.00596336211461329
1.75757178321951e-09
0.740347654064171
1.31952638327201e-105
0.999999999980816
0.998739463150168
0.997828641995564
1
1
1
1
1
1
0.999938523832014
0.999999999982235
0.999999947350767
0.999940555138981
0.999999999999986
0.999996823668764
9.85959087166246e-26
0.00596336211461329
1.75757178321951e-09
0.740347654064171
1.31952638327201e-105
0.999999999980816
0.998739463150168
0.997828641995564
