0.999999997899002
0.999999997899002
0.999999997899002
0.999999997899002
0.999999997899002
0.999999997899002
0.99998229684364
0.0202907483778221
0.999999999979419
0.891127684447689
0.999256825581698
0.047617924579796
0.999896858921875
0.698313845136201
2.94220707466275e-15
0.00235095996508421
1.58730408671653e-24
0.483786299361617
0.000138424224103869
0.957534492737247
0.999999997899002
0.999999997899002
0.999999997899002
0.999999997899002
0.999999997899002
0.999999997899002
0.99998229684364
0.0202907483778221
0.999999999979419
0.891127684447689
0.999256825581698
0.047617924579796
0.999896858921875
0.698313845136201
2.94220707466275e-15
0.00235095996508421
1.58730408671653e-24
0.483786299361617
0.000138424224103869
0.957534492737247
