0.99604790745443
0.993319847483236
0.995923190130467
0.995923190130467
0.998472402514222
0.995923190130467
0.473470758924224
0.989331067509545
0.0837087563787899
0.900556883804611
0.788775641618976
0.177234815780203
0.16914567115475
0.716929664561489
0.520865630849649
0.068654005877778
0.495035421230394
0.35485310039451
0.784675617609174
0.998845365543042
0.99604790745443
0.993319847483236
0.995923190130467
0.995923190130467
0.998472402514222
0.995923190130467
0.473470758924224
0.989331067509545
0.0837087563787899
0.900556883804611
0.788775641618976
0.177234815780203
0.16914567115475
0.716929664561489
0.520865630849649
0.068654005877778
0.495035421230394
0.35485310039451
0.784675617609174
0.998845365543042
