0.988298630512922
8.24574886178022e-07
1.65125287742761e-07
1.65125287742761e-07
1.73775375473975e-06
1.99961449405465e-06
0.999751074929392
0.997635251262471
0.9147514875691
4.96605439220392e-05
0.972721174766738
0.0288760964053743
0.991337783824645
0.957628888140455
0.711263944314695
0.839421843306402
0.0924788658962171
0.367107693691903
0.93313099726166
0.999931429273077
0.988298630512922
8.24574886178022e-07
1.65125287742761e-07
1.65125287742761e-07
1.73775375473975e-06
1.99961449405465e-06
0.999751074929392
0.997635251262471
0.9147514875691
4.96605439220392e-05
0.972721174766738
0.0288760964053743
0.991337783824645
0.957628888140455
0.711263944314695
0.839421843306402
0.0924788658962171
0.367107693691903
0.93313099726166
0.999931429273077
