0.000111274650486454
0.00011712330019787
0.000113201723139376
0.000113201723139376
7.35651322852922e-05
7.35651322852922e-05
0.994207820926458
0.981232173481078
0.999999995818911
0.999999998704727
0.999999999999504
0.000159814472578684
2.0564952558649e-104
0.999820865441768
0.300222405086009
0.852219385206499
2.0973953366205e-07
0.994932887072493
0.999999597130576
0.0737868506986564
0.000111274650486454
0.00011712330019787
0.000113201723139376
0.000113201723139376
7.35651322852922e-05
7.35651322852922e-05
0.994207820926458
0.981232173481078
0.999999995818911
0.999999998704727
0.999999999999504
0.000159814472578684
2.0564952558649e-104
0.999820865441768
0.300222405086009
0.852219385206499
2.0973953366205e-07
0.994932887072493
0.999999597130576
0.0737868506986564
