0.999999999969078
0.999999999969078
0.999999999715156
0.999999998440576
0.000130611717540592
0.999999987443021
0.995952878266689
0.999999999999705
0.999995113664286
0.999993405420755
0.999999999999812
0.99999999788303
1.54602413469692e-24
0.995424638242233
1.67054712052901e-05
0.996452165765711
4.68651143456935e-14
0.999999940061984
0.96399089506819
0.998896209872483
0.999999999969078
0.999999999969078
0.999999999715156
0.999999998440576
0.000130611717540592
0.999999987443021
0.995952878266689
0.999999999999705
0.999995113664286
0.999993405420755
0.999999999999812
0.99999999788303
1.54602413469692e-24
0.995424638242233
1.67054712052901e-05
0.996452165765711
4.68651143456935e-14
0.999999940061984
0.96399089506819
0.998896209872483
