0.125021283248474
0.125021283248474
0.0227539954858187
0.0227539954858187
0.0335202953255719
0.0368952606976342
0.187226864697026
0.982947452390622
0.996750322998764
0.980027916085615
0.990451533185433
0.661315449075883
0.956586366339724
0.963443465427992
5.91969752771795e-07
0.00777578488733117
0.64003380425193
0.632658480431872
0.158210386173534
0.805940035628359
0.125021283248474
0.125021283248474
0.0227539954858187
0.0227539954858187
0.0335202953255719
0.0368952606976342
0.187226864697026
0.982947452390622
0.996750322998764
0.980027916085615
0.990451533185433
0.661315449075883
0.956586366339724
0.963443465427992
5.91969752771795e-07
0.00777578488733117
0.64003380425193
0.632658480431872
0.158210386173534
0.805940035628359
