0.0292689792569847
0.137014401129545
0.0155436144026501
0.0155436144026501
0.0274710563861245
0.0274710563861245
0.0143254290836908
0.989914991814948
0.980798693923386
0.99617398394205
0.000486487034203996
0.0275084844943489
1.96173117167221e-54
0.378711086148529
0.762240261445221
0.943135547193027
0.888935306750366
0.519791930036412
0.897499974769983
0.808571200843759
0.0292689792569847
0.137014401129545
0.0155436144026501
0.0155436144026501
0.0274710563861245
0.0274710563861245
0.0143254290836908
0.989914991814948
0.980798693923386
0.99617398394205
0.000486487034203996
0.0275084844943489
1.96173117167221e-54
0.378711086148529
0.762240261445221
0.943135547193027
0.888935306750366
0.519791930036412
0.897499974769983
0.808571200843759
