0.00445272809520693
0.00445272809520693
0.00445272809520693
0.00445272809520693
0.00445272809520693
0.00445272809520693
0.232597448979949
0.99801209613807
0.999961570850318
0.765574787470179
0.208136805395786
2.93127365400918e-07
2.29618028637553e-06
4.93179373441889e-09
0.999998920208878
0.296807931660876
0.990805510317847
0.667071142756566
0.982936812436959
0.840118864154106
0.00445272809520693
0.00445272809520693
0.00445272809520693
0.00445272809520693
0.00445272809520693
0.00445272809520693
0.232597448979949
0.99801209613807
0.999961570850318
0.765574787470179
0.208136805395786
2.93127365400918e-07
2.29618028637553e-06
4.93179373441889e-09
0.999998920208878
0.296807931660876
0.990805510317847
0.667071142756566
0.982936812436959
0.840118864154106
