0.998011278176556
0.998011278176556
0.998251423455351
0.998251423455351
0.998251423455351
0.998251423455351
0.473470758924224
0.127578203967859
0.563755178054129
0.251281101682474
0.0310628475821248
0.232376109478382
0.7894494010137
0.560744214470974
0.377087446758434
0.609202089076377
0.899741716283081
0.836765525428607
0.103524364230142
0.82629456934541
0.998011278176556
0.998011278176556
0.998251423455351
0.998251423455351
0.998251423455351
0.998251423455351
0.473470758924224
0.127578203967859
0.563755178054129
0.251281101682474
0.0310628475821248
0.232376109478382
0.7894494010137
0.560744214470974
0.377087446758434
0.609202089076377
0.899741716283081
0.836765525428607
0.103524364230142
0.82629456934541
