0.881034360903996
0.979667869938357
0.964198076088843
0.964198076088843
0.991338994733332
0.98556456487602
0.531379204250857
0.998802187286897
0.729558636519345
0.857398327403093
1.28287878151172e-05
0.965108708522628
0.526806454474687
0.512221932897466
0.815891610644394
0.995936758493113
0.955797922974568
0.474769722622469
0.993173842361765
0.821333779251037
0.881034360903996
0.979667869938357
0.964198076088843
0.964198076088843
0.991338994733332
0.98556456487602
0.531379204250857
0.998802187286897
0.729558636519345
0.857398327403093
1.28287878151172e-05
0.965108708522628
0.526806454474687
0.512221932897466
0.815891610644394
0.995936758493113
0.955797922974568
0.474769722622469
0.993173842361765
0.821333779251037
