0.828276590006617
0.968452653789813
0.968452653789813
0.968452653789813
0.962903379547317
0.968452653789813
0.531379204250857
0.998802187286897
0.973416380876551
0.370136492244262
0.579182073313928
0.99017017884592
0.0540452105703121
0.00297253771056917
0.961141857268779
0.82830487880012
0.902968950700627
0.999497092947777
0.94209884095261
0.393807897950194
0.828276590006617
0.968452653789813
0.968452653789813
0.968452653789813
0.962903379547317
0.968452653789813
0.531379204250857
0.998802187286897
0.973416380876551
0.370136492244262
0.579182073313928
0.99017017884592
0.0540452105703121
0.00297253771056917
0.961141857268779
0.82830487880012
0.902968950700627
0.999497092947777
0.94209884095261
0.393807897950194
