0.999999999969078
0.999999999969078
0.999999999969078
0.999999999969078
0.999999998350157
0.999999999969078
0.995952878266689
0.93336952244079
0.958805823390111
0.999999540419347
0.999999999999919
0.999999984710448
2.50103779818429e-18
0.999697690653635
2.89330199685664e-10
0.983701083751481
0.000884381529231553
0.999999699213655
0.999998074529519
0.0873659143272999
0.999999999969078
0.999999999969078
0.999999999969078
0.999999999969078
0.999999998350157
0.999999999969078
0.995952878266689
0.93336952244079
0.958805823390111
0.999999540419347
0.999999999999919
0.999999984710448
2.50103779818429e-18
0.999697690653635
2.89330199685664e-10
0.983701083751481
0.000884381529231553
0.999999699213655
0.999998074529519
0.0873659143272999
