0.999994634982357
0.00302751267931907
0.020147350851474
0.999994634982357
0.020147350851474
0.999994634982357
0.0581656804102282
0.99584808669071
0.999992712909575
0.999320431328631
0.205322716433869
0.0233418038794485
9.15220609887193e-10
2.58815820861575e-05
0.999927525155561
0.10468985017237
0.642137775940813
0.937635115693824
0.913378495797854
0.917206468545724
0.999994634982357
0.00302751267931907
0.020147350851474
0.999994634982357
0.020147350851474
0.999994634982357
0.0581656804102282
0.99584808669071
0.999992712909575
0.999320431328631
0.205322716433869
0.0233418038794485
9.15220609887193e-10
2.58815820861575e-05
0.999927525155561
0.10468985017237
0.642137775940813
0.937635115693824
0.913378495797854
0.917206468545724
