0.999999999969078
0.999999999969078
0.999999999969078
0.999999999969078
0.999999999969078
0.999999999969078
0.995952878266689
0.98685613638608
0.992062920147189
0.999999106337218
0.99135915832368
0.999999997203519
1.8989078457385e-44
0.00149718848894183
0.382500931545308
3.45858280040789e-06
3.98714977161446e-24
0.999755848065318
0.99950370797356
0.6045487115999
0.999999999969078
0.999999999969078
0.999999999969078
0.999999999969078
0.999999999969078
0.999999999969078
0.995952878266689
0.98685613638608
0.992062920147189
0.999999106337218
0.99135915832368
0.999999997203519
1.8989078457385e-44
0.00149718848894183
0.382500931545308
3.45858280040789e-06
3.98714977161446e-24
0.999755848065318
0.99950370797356
0.6045487115999
