0.921074870926641
0.921074870926641
0.953018804411984
0.953018804411984
0.991338994733332
0.995923190130467
0.531379204250857
0.999288360535483
0.83397490999268
0.43066369971921
0.231364852044147
0.999925759878488
0.999745015597204
0.000383210379909209
0.888056845304415
0.999800021115078
0.512235222794121
0.829473740982675
0.945548907152014
0.293423655951028
0.921074870926641
0.921074870926641
0.953018804411984
0.953018804411984
0.991338994733332
0.995923190130467
0.531379204250857
0.999288360535483
0.83397490999268
0.43066369971921
0.231364852044147
0.999925759878488
0.999745015597204
0.000383210379909209
0.888056845304415
0.999800021115078
0.512235222794121
0.829473740982675
0.945548907152014
0.293423655951028
