0.852200436893163
0.852200436893163
0.852200436893163
0.852200436893163
0.852200436893163
0.852200436893163
0.502183383940271
0.998410338922534
0.94355871145243
0.00320064080655034
0.999866436260476
0.989043446803094
0.973348277895044
3.77247449815247e-09
0.945824441942567
0.640142958078036
0.993963590449117
0.378305403432754
0.998571318836936
0.7950596655898
0.852200436893163
0.852200436893163
0.852200436893163
0.852200436893163
0.852200436893163
0.852200436893163
0.502183383940271
0.998410338922534
0.94355871145243
0.00320064080655034
0.999866436260476
0.989043446803094
0.973348277895044
3.77247449815247e-09
0.945824441942567
0.640142958078036
0.993963590449117
0.378305403432754
0.998571318836936
0.7950596655898
