0.745200169387699
0.745200169387699
0.989074462454547
0.980716825991523
0.973447268232768
0.989074462454547
0.999751074929392
0.564902443995575
0.855815928566637
0.933898345786985
0.576188337185059
0.713692772237541
0.960028449705032
0.118088311784269
0.256811412314377
0.605363030498117
0.109021712551889
0.0544115380180878
0.576487455703688
0.44627628841713
0.745200169387699
0.745200169387699
0.989074462454547
0.980716825991523
0.973447268232768
0.989074462454547
0.999751074929392
0.564902443995575
0.855815928566637
0.933898345786985
0.576188337185059
0.713692772237541
0.960028449705032
0.118088311784269
0.256811412314377
0.605363030498117
0.109021712551889
0.0544115380180878
0.576487455703688
0.44627628841713
