0.999999997899002
0.999999997899002
0.999999997899002
0.999999997899002
0.999999997899002
0.999999997899002
0.99998229684364
0.151379575591558
0.999999357577787
0.170167509088016
0.998703646815683
0.999642038398589
0.966275516623431
0.000447558035459868
0.597788358852613
0.975162925591109
6.81015422011309e-24
0.990517803389239
0.926696039855326
0.822842561364242
0.999999997899002
0.999999997899002
0.999999997899002
0.999999997899002
0.999999997899002
0.999999997899002
0.99998229684364
0.151379575591558
0.999999357577787
0.170167509088016
0.998703646815683
0.999642038398589
0.966275516623431
0.000447558035459868
0.597788358852613
0.975162925591109
6.81015422011309e-24
0.990517803389239
0.926696039855326
0.822842561364242
