0.577023507193009
0.00445272809520693
0.00445272809520693
0.577023507193009
0.00445272809520693
0.999994634982357
0.232597448979949
0.999385639333422
0.99999454450019
0.754207995516553
0.0664145071105685
0.558683810186195
5.39505707750449e-21
0.217392469188489
0.906164231597783
3.36660523209971e-09
0.543957978138616
0.159050215253214
0.811103966519136
0.801145361614895
0.577023507193009
0.00445272809520693
0.00445272809520693
0.577023507193009
0.00445272809520693
0.999994634982357
0.232597448979949
0.999385639333422
0.99999454450019
0.754207995516553
0.0664145071105685
0.558683810186195
5.39505707750449e-21
0.217392469188489
0.906164231597783
3.36660523209971e-09
0.543957978138616
0.159050215253214
0.811103966519136
0.801145361614895
