0.999999669385437
0.999999997899002
0.999999997899002
0.999999669385437
0.999999997899002
0.999938916205982
0.99998229684364
0.588991627554855
0.999698669928046
0.6017765301725
0.643741901148142
0.999946285461889
0.999999911302398
0.884951425657433
0.978066827629458
0.0541979248340996
3.67310653896332e-45
0.999999416669712
0.999599884505385
0.863220751117275
0.999999669385437
0.999999997899002
0.999999997899002
0.999999669385437
0.999999997899002
0.999938916205982
0.99998229684364
0.588991627554855
0.999698669928046
0.6017765301725
0.643741901148142
0.999946285461889
0.999999911302398
0.884951425657433
0.978066827629458
0.0541979248340996
3.67310653896332e-45
0.999999416669712
0.999599884505385
0.863220751117275
