0.00670556503680399
0.287339453154219
0.143618687318437
0.143618687318437
0.0293583965130644
0.0335202953255719
0.187226864697026
0.976252726352513
0.979524162097111
0.815043447801103
0.199598177784685
1.38833105051756e-111
0.390913540354302
0.0663580127004488
0.76392383363915
0.817740639722313
0.124334355505015
0.52504533684528
0.967189862111323
0.996440419288617
0.00670556503680399
0.287339453154219
0.143618687318437
0.143618687318437
0.0293583965130644
0.0335202953255719
0.187226864697026
0.976252726352513
0.979524162097111
0.815043447801103
0.199598177784685
1.38833105051756e-111
0.390913540354302
0.0663580127004488
0.76392383363915
0.817740639722313
0.124334355505015
0.52504533684528
0.967189862111323
0.996440419288617
