0.999938916205982
0.999999669385437
0.9999999662395
0.999938916205982
0.9999999662395
0.999938916205982
0.999796666147259
0.840558443657999
0.999999985272469
0.279009446118531
0.35199316535772
0.504189944462592
0.999998142647139
0.75863154093918
0.949101022127329
0.961062605896679
4.66066604011305e-07
0.999999995185201
0.802897575619705
0.999984655691579
0.999938916205982
0.999999669385437
0.9999999662395
0.999938916205982
0.9999999662395
0.999938916205982
0.999796666147259
0.840558443657999
0.999999985272469
0.279009446118531
0.35199316535772
0.504189944462592
0.999998142647139
0.75863154093918
0.949101022127329
0.961062605896679
4.66066604011305e-07
0.999999995185201
0.802897575619705
0.999984655691579
