0.000180519214448139
0.000180519214448139
0.000152731438673724
0.000152731438673724
7.37661072038426e-05
5.70419045382339e-05
0.995952878266689
0.999953034204428
0.993849964753554
0.99999999851662
0.999999679619062
0.0211710129732489
1.4356513044764e-44
0.999168339852327
0.999659461431933
0.471409726364649
7.54174009035596e-113
0.996027177681087
0.999987418131887
0.989658141062738
0.000180519214448139
0.000180519214448139
0.000152731438673724
0.000152731438673724
7.37661072038426e-05
5.70419045382339e-05
0.995952878266689
0.999953034204428
0.993849964753554
0.99999999851662
0.999999679619062
0.0211710129732489
1.4356513044764e-44
0.999168339852327
0.999659461431933
0.471409726364649
7.54174009035596e-113
0.996027177681087
0.999987418131887
0.989658141062738
