0.999735790161443
0.999993836062809
0.999993836062809
0.999993836062809
0.961577228840119
0.999993836062809
0.999796666147259
0.999998762118358
0.999999996297681
0.99479319839918
0.973540346222767
0.996661449644179
4.05526288413883e-16
0.854950378560483
8.84209260096469e-08
0.982987194538193
0.0323201174512788
0.997735901077212
0.99578741014189
0.278647547548248
0.999735790161443
0.999993836062809
0.999993836062809
0.999993836062809
0.961577228840119
0.999993836062809
0.999796666147259
0.999998762118358
0.999999996297681
0.99479319839918
0.973540346222767
0.996661449644179
4.05526288413883e-16
0.854950378560483
8.84209260096469e-08
0.982987194538193
0.0323201174512788
0.997735901077212
0.99578741014189
0.278647547548248
