1
1
1
1
1
1
0.999938523832014
0.999956720185955
0.999999978415348
0.999999997516393
0.999998012473224
0.99988719529084
2.79542451719523e-44
9.44859139488525e-07
0.288201296731363
0.441241036084952
1.11245035934727e-45
0.999970675135049
0.997872262833989
0.999950183413691
1
1
1
1
1
1
0.999938523832014
0.999956720185955
0.999999978415348
0.999999997516393
0.999998012473224
0.99988719529084
2.79542451719523e-44
9.44859139488525e-07
0.288201296731363
0.441241036084952
1.11245035934727e-45
0.999970675135049
0.997872262833989
0.999950183413691
