0.520043821233874
0.493562653748069
0.883521410492287
0.00580872660802413
0.0293583965130644
0.886069631088997
0.187226864697026
0.9973640325949
0.990281307380627
0.983481991950112
0.569353113940584
0.177862440356127
0.986447727327207
0.203693748387526
0.180707224769782
0.380628109492643
0.499712881971998
0.496013015309326
0.962984955157049
0.970237433797815
0.520043821233874
0.493562653748069
0.883521410492287
0.00580872660802413
0.0293583965130644
0.886069631088997
0.187226864697026
0.9973640325949
0.990281307380627
0.983481991950112
0.569353113940584
0.177862440356127
0.986447727327207
0.203693748387526
0.180707224769782
0.380628109492643
0.499712881971998
0.496013015309326
0.962984955157049
0.970237433797815
