2.98878104407359e-07
2.98878104407359e-07
2.7916697206902e-07
2.7916697206902e-07
8.0542499341831e-07
8.0542499341831e-07
0.999751074929392
0.996849381821194
0.964377137060204
0.957138779212989
0.874888092078972
0.022648703758987
0.681392169387075
0.125672736015777
1.21453795227056e-09
0.796577439621365
0.000160932075825871
0.86173348884297
0.623262158496355
0.0607940114228279
2.98878104407359e-07
2.98878104407359e-07
2.7916697206902e-07
2.7916697206902e-07
8.0542499341831e-07
8.0542499341831e-07
0.999751074929392
0.996849381821194
0.964377137060204
0.957138779212989
0.874888092078972
0.022648703758987
0.681392169387075
0.125672736015777
1.21453795227056e-09
0.796577439621365
0.000160932075825871
0.86173348884297
0.623262158496355
0.0607940114228279
