0.577023507193009
0.00445272809520693
0.00445272809520693
0.00445272809520693
0.00445272809520693
0.999994634982357
0.232597448979949
0.997663091256876
0.995430296560006
0.936554329794758
6.83534026135416e-05
0.58944754891364
0.00272833752210595
0.000203320351858977
0.879042363564444
0.454631989214776
0.897570614142049
0.919859445549763
0.136154039868222
0.53997512661284
0.577023507193009
0.00445272809520693
0.00445272809520693
0.00445272809520693
0.00445272809520693
0.999994634982357
0.232597448979949
0.997663091256876
0.995430296560006
0.936554329794758
6.83534026135416e-05
0.58944754891364
0.00272833752210595
0.000203320351858977
0.879042363564444
0.454631989214776
0.897570614142049
0.919859445549763
0.136154039868222
0.53997512661284
