0.968452653789813
0.852200436893163
0.852200436893163
0.852200436893163
0.852200436893163
0.978884618986015
0.502183383940271
0.76906776085422
0.99911215037325
0.00262326503911543
0.9978443804223
0.978124092050422
0.983525289083545
0.466502812858666
0.77732846336378
0.995932016622397
0.796284155720006
0.618495648543916
0.943825425039619
0.00699380448746111
0.968452653789813
0.852200436893163
0.852200436893163
0.852200436893163
0.852200436893163
0.978884618986015
0.502183383940271
0.76906776085422
0.99911215037325
0.00262326503911543
0.9978443804223
0.978124092050422
0.983525289083545
0.466502812858666
0.77732846336378
0.995932016622397
0.796284155720006
0.618495648543916
0.943825425039619
0.00699380448746111
