0.999993836062809
0.999993836062809
0.999993836062809
0.999993836062809
0.823341353034425
0.956399338286244
0.999796666147259
0.00012178815468011
0.999999908100916
0.999985266618766
0.706150777580716
0.999983703875795
0.999986214406559
0.975354072045975
0.973463908296463
0.940227179857422
3.13098892374336e-44
0.9999999999941
0.910151022677473
0.0474094282804628
0.999993836062809
0.999993836062809
0.999993836062809
0.999993836062809
0.823341353034425
0.956399338286244
0.999796666147259
0.00012178815468011
0.999999908100916
0.999985266618766
0.706150777580716
0.999983703875795
0.999986214406559
0.975354072045975
0.973463908296463
0.940227179857422
3.13098892374336e-44
0.9999999999941
0.910151022677473
0.0474094282804628
