9.1967890127437e-05
0.000182970126332402
0.000172566439996422
0.000172566439996422
9.31010732667884e-05
0.000133604708503953
0.999902961127676
0.999997929387018
0.791657155249743
0.536651786028127
0.352095602851746
0.992569836278354
0.657502591566883
0.554693027749909
0.729531105430178
0.999925977429842
0.564360695675155
0.996968228890809
0.0202355817256871
0.557238919649367
9.1967890127437e-05
0.000182970126332402
0.000172566439996422
0.000172566439996422
9.31010732667884e-05
0.000133604708503953
0.999902961127676
0.999997929387018
0.791657155249743
0.536651786028127
0.352095602851746
0.992569836278354
0.657502591566883
0.554693027749909
0.729531105430178
0.999925977429842
0.564360695675155
0.996968228890809
0.0202355817256871
0.557238919649367
