0.020849525317012
0.020849525317012
0.0223747886752179
0.0223747886752179
0.0274710563861245
0.0274710563861245
0.187226864697026
0.811412961084327
0.884954461060355
0.645479529425837
0.926852275315481
0.0456771049034391
0.921062091718799
0.0193435597028331
0.0209348358803878
0.117850274876316
0.991428996804372
0.925538719220003
0.610389338588914
0.448416201316159
0.020849525317012
0.020849525317012
0.0223747886752179
0.0223747886752179
0.0274710563861245
0.0274710563861245
0.187226864697026
0.811412961084327
0.884954461060355
0.645479529425837
0.926852275315481
0.0456771049034391
0.921062091718799
0.0193435597028331
0.0209348358803878
0.117850274876316
0.991428996804372
0.925538719220003
0.610389338588914
0.448416201316159
