0.978884618986015
0.852200436893163
0.852200436893163
0.968452653789813
0.852200436893163
0.978884618986015
0.502183383940271
0.998917084075468
0.99769753533348
0.00185767592027508
0.999990375855911
0.996181832986873
0.968336313777483
0.899127959932017
0.673442636823946
0.00571088668546049
0.992529526534936
0.972313798767294
0.956553899934756
0.812348317350036
0.978884618986015
0.852200436893163
0.852200436893163
0.968452653789813
0.852200436893163
0.978884618986015
0.502183383940271
0.998917084075468
0.99769753533348
0.00185767592027508
0.999990375855911
0.996181832986873
0.968336313777483
0.899127959932017
0.673442636823946
0.00571088668546049
0.992529526534936
0.972313798767294
0.956553899934756
0.812348317350036
