0.999999669385437
0.999999997899002
0.999999997899002
0.999999997899002
0.999999997899002
0.999938916205982
0.99998229684364
0.161032116488936
0.999998718162541
0.489767162925092
0.999564837254241
0.68443170476942
0.999999184983595
0.968735731972996
2.64128294507526e-19
0.996446834341454
1.02283329517635e-16
0.999940199189346
0.999957286169073
0.578983847698364
0.999999669385437
0.999999997899002
0.999999997899002
0.999999997899002
0.999999997899002
0.999938916205982
0.99998229684364
0.161032116488936
0.999998718162541
0.489767162925092
0.999564837254241
0.68443170476942
0.999999184983595
0.968735731972996
2.64128294507526e-19
0.996446834341454
1.02283329517635e-16
0.999940199189346
0.999957286169073
0.578983847698364
