0.999999999117859
0.999999999117859
0.999999999117859
0.999999999117859
0.999999962297809
0.999999996948548
0.999902961127676
0.999898918046881
0.0472458314522946
0.980514686911478
0.00557754618683574
0.815278689521936
0.830312662799312
0.473762842383408
0.449639335558183
0.220232406568026
0.87877478568389
0.00812522902289905
0.968659047431117
0.920129590981623
0.999999999117859
0.999999999117859
0.999999999117859
0.999999999117859
0.999999962297809
0.999999996948548
0.999902961127676
0.999898918046881
0.0472458314522946
0.980514686911478
0.00557754618683574
0.815278689521936
0.830312662799312
0.473762842383408
0.449639335558183
0.220232406568026
0.87877478568389
0.00812522902289905
0.968659047431117
0.920129590981623
