2.77054286706752e-07
3.15027383075027e-07
3.08975543324382e-07
3.08975543324382e-07
7.87740279384066e-07
8.0542499341831e-07
0.999751074929392
0.999992767103955
0.35701791946103
0.634635276137333
2.70067298874783e-12
0.32834501138568
0.0686168942480274
3.47645144504014e-50
0.661547218020421
0.857253723421228
0.975875935374477
0.659354145029576
0.483847664275136
0.848731896678126
2.77054286706752e-07
3.15027383075027e-07
3.08975543324382e-07
3.08975543324382e-07
7.87740279384066e-07
8.0542499341831e-07
0.999751074929392
0.999992767103955
0.35701791946103
0.634635276137333
2.70067298874783e-12
0.32834501138568
0.0686168942480274
3.47645144504014e-50
0.661547218020421
0.857253723421228
0.975875935374477
0.659354145029576
0.483847664275136
0.848731896678126
