0.0260559607339109
0.124928754133075
0.0260559607339109
0.0260559607339109
0.0274710563861245
0.0274710563861245
0.0581656804102282
0.999233856910784
0.99970655052952
0.999853132354172
0.474305901761423
0.223831467788218
3.04687461460807e-10
1.38175364633214e-08
0.737635168895964
0.297476837613276
0.000291706924284197
0.720078889108728
0.632736978329408
0.956854705375134
0.0260559607339109
0.124928754133075
0.0260559607339109
0.0260559607339109
0.0274710563861245
0.0274710563861245
0.0581656804102282
0.999233856910784
0.99970655052952
0.999853132354172
0.474305901761423
0.223831467788218
3.04687461460807e-10
1.38175364633214e-08
0.737635168895964
0.297476837613276
0.000291706924284197
0.720078889108728
0.632736978329408
0.956854705375134
