0.00445272809520693
0.00445272809520693
0.00445272809520693
0.00445272809520693
0.00445272809520693
0.00445272809520693
0.232597448979949
0.980810747019592
0.999826416899417
0.994575846866132
2.14296987853994e-05
0.714989182494264
3.74166455617651e-25
2.52125293966511e-05
0.907632254023284
0.757112132197459
0.407249447454877
0.787832692032895
0.807546512973021
0.733949683383347
0.00445272809520693
0.00445272809520693
0.00445272809520693
0.00445272809520693
0.00445272809520693
0.00445272809520693
0.232597448979949
0.980810747019592
0.999826416899417
0.994575846866132
2.14296987853994e-05
0.714989182494264
3.74166455617651e-25
2.52125293966511e-05
0.907632254023284
0.757112132197459
0.407249447454877
0.787832692032895
0.807546512973021
0.733949683383347
