0.000182970126332402
0.000182970126332402
0.000172566439996422
0.000172566439996422
9.31010732667884e-05
8.53002615592322e-05
0.999902961127676
0.999883880567496
0.406889959583427
0.999991080882774
0.928706725069807
0.0730633679719223
0.918422665189828
0.916725107180613
0.759972088115031
0.949189571712639
0.285173062687297
0.97344364932943
0.651412868270532
0.0360438304907826
0.000182970126332402
0.000182970126332402
0.000172566439996422
0.000172566439996422
9.31010732667884e-05
8.53002615592322e-05
0.999902961127676
0.999883880567496
0.406889959583427
0.999991080882774
0.928706725069807
0.0730633679719223
0.918422665189828
0.916725107180613
0.759972088115031
0.949189571712639
0.285173062687297
0.97344364932943
0.651412868270532
0.0360438304907826
