0.0769433849683112
0.656547804849262
0.143387721492222
0.143387721492222
0.0335994509194844
0.0372897858744714
0.0581656804102282
0.999436819283278
0.969961564045271
0.959050643964478
0.686272050881415
0.853432475462496
8.12819388993144e-53
0.000913676629314746
0.999858150624381
0.972579804106183
0.831928904544089
0.926198856243013
0.805185912645804
0.863394838319794
0.0769433849683112
0.656547804849262
0.143387721492222
0.143387721492222
0.0335994509194844
0.0372897858744714
0.0581656804102282
0.999436819283278
0.969961564045271
0.959050643964478
0.686272050881415
0.853432475462496
8.12819388993144e-53
0.000913676629314746
0.999858150624381
0.972579804106183
0.831928904544089
0.926198856243013
0.805185912645804
0.863394838319794
