0.0001716403191228
0.000180519214448139
9.70132963912098e-05
9.70132963912098e-05
7.35651322852922e-05
7.35651322852922e-05
0.995952878266689
0.999999999999705
0.999994367555045
0.999999203248002
0.999999999985673
0.999995994415195
4.61219656109139e-25
6.45244327130782e-11
0.00340512141664848
3.66632161753022e-05
6.91073531701465e-110
0.999999999993744
0.999992831096024
0.00192384053277492
0.0001716403191228
0.000180519214448139
9.70132963912098e-05
9.70132963912098e-05
7.35651322852922e-05
7.35651322852922e-05
0.995952878266689
0.999999999999705
0.999994367555045
0.999999203248002
0.999999999985673
0.999995994415195
4.61219656109139e-25
6.45244327130782e-11
0.00340512141664848
3.66632161753022e-05
6.91073531701465e-110
0.999999999993744
0.999992831096024
0.00192384053277492
