6.35297617126181e-05
8.28689441391385e-05
8.005959022945e-05
8.005959022945e-05
7.37661072038426e-05
9.34332616310634e-05
0.995952878266689
0.999999630967351
0.999999998238567
0.999997817848317
0.999999995852839
0.999999996321641
6.36704001371557e-105
0.0203510528363906
0.0253092342750357
0.999998280014907
1.11461002095454e-05
0.999999392264096
0.999997065640594
0.29071547878826
6.35297617126181e-05
8.28689441391385e-05
8.005959022945e-05
8.005959022945e-05
7.37661072038426e-05
9.34332616310634e-05
0.995952878266689
0.999999630967351
0.999999998238567
0.999997817848317
0.999999995852839
0.999999996321641
6.36704001371557e-105
0.0203510528363906
0.0253092342750357
0.999998280014907
1.11461002095454e-05
0.999999392264096
0.999997065640594
0.29071547878826
