1.17325415447678e-08
1.34996272174765e-08
5.31266628948874e-09
5.31266628948874e-09
8.0542499341831e-07
8.0542499341831e-07
0.999796666147259
0.999989045678098
0.999994150894933
0.0904990125093969
0.99999862277386
0.998955490010949
0.995192488282018
0.999977426450286
0.101273270983039
0.426660258698539
1.51032784746548e-104
0.993254695542493
0.206399258730299
0.000985625919569422
1.17325415447678e-08
1.34996272174765e-08
5.31266628948874e-09
5.31266628948874e-09
8.0542499341831e-07
8.0542499341831e-07
0.999796666147259
0.999989045678098
0.999994150894933
0.0904990125093969
0.99999862277386
0.998955490010949
0.995192488282018
0.999977426450286
0.101273270983039
0.426660258698539
1.51032784746548e-104
0.993254695542493
0.206399258730299
0.000985625919569422
