0.000115414186291268
0.000115414186291268
0.000110759739505999
0.000110759739505999
7.35651322852922e-05
7.35651322852922e-05
0.999902961127676
0.999991766980252
0.92177276305064
0.999994432617989
0.902407352051614
0.999448603667882
0.13001355077717
5.64018101343519e-21
0.992860383249281
0.950810869987133
0.959659089060566
3.20075827240335e-08
0.202328336871884
0.876925417677428
0.000115414186291268
0.000115414186291268
0.000110759739505999
0.000110759739505999
7.35651322852922e-05
7.35651322852922e-05
0.999902961127676
0.999991766980252
0.92177276305064
0.999994432617989
0.902407352051614
0.999448603667882
0.13001355077717
5.64018101343519e-21
0.992860383249281
0.950810869987133
0.959659089060566
3.20075827240335e-08
0.202328336871884
0.876925417677428
