0.00445272809520693
0.00445272809520693
0.00445272809520693
0.00445272809520693
0.00445272809520693
0.00445272809520693
0.232597448979949
0.943872013439188
0.999586231169109
0.999904742354174
0.195792586916715
0.596477442126518
1.67702380831044e-25
0.000148114547527474
0.999368493465459
0.702200826578877
0.501709383660061
0.780626506055122
0.857982560317883
0.898069412834342
0.00445272809520693
0.00445272809520693
0.00445272809520693
0.00445272809520693
0.00445272809520693
0.00445272809520693
0.232597448979949
0.943872013439188
0.999586231169109
0.999904742354174
0.195792586916715
0.596477442126518
1.67702380831044e-25
0.000148114547527474
0.999368493465459
0.702200826578877
0.501709383660061
0.780626506055122
0.857982560317883
0.898069412834342
