2.77054286706752e-07
3.15027383075027e-07
3.08975543324382e-07
3.08975543324382e-07
7.87740279384066e-07
7.87740279384066e-07
0.999751074929392
0.999634763148838
0.999836192372568
0.94948506864299
0.936465397204476
0.975585270003425
0.90189567146673
0.33422276072746
0.725695221063553
0.802321384554823
0.578725600844988
0.87077329303568
0.964393577151646
0.837741381512043
2.77054286706752e-07
3.15027383075027e-07
3.08975543324382e-07
3.08975543324382e-07
7.87740279384066e-07
7.87740279384066e-07
0.999751074929392
0.999634763148838
0.999836192372568
0.94948506864299
0.936465397204476
0.975585270003425
0.90189567146673
0.33422276072746
0.725695221063553
0.802321384554823
0.578725600844988
0.87077329303568
0.964393577151646
0.837741381512043
