1.34996272174765e-08
1.34996272174765e-08
1.84010639255774e-08
1.84010639255774e-08
1.62008316816192e-08
1.11575639307161e-08
0.999796666147259
0.734039609864791
0.996897606584323
0.840094248356326
0.289783047877352
0.000640659652687768
0.99998380667694
0.992489721729674
0.999999990954481
0.9980659600584
1.48941638266929e-104
0.983054968459006
0.972885328911137
0.712462020833753
1.34996272174765e-08
1.34996272174765e-08
1.84010639255774e-08
1.84010639255774e-08
1.62008316816192e-08
1.11575639307161e-08
0.999796666147259
0.734039609864791
0.996897606584323
0.840094248356326
0.289783047877352
0.000640659652687768
0.99998380667694
0.992489721729674
0.999999990954481
0.9980659600584
1.48941638266929e-104
0.983054968459006
0.972885328911137
0.712462020833753
