1
1
1
1
1
1
0.999938523832014
0.999984692470714
0.999999999148905
0.999999999998563
0.999999999993426
0.999911161565993
2.71201321091743e-44
0.00152925870117696
6.40849130106448e-06
0.000188747649511536
1.07084557528266e-43
0.999999999996936
0.99994400517441
0.999879968567169
1
1
1
1
1
1
0.999938523832014
0.999984692470714
0.999999999148905
0.999999999998563
0.999999999993426
0.999911161565993
2.71201321091743e-44
0.00152925870117696
6.40849130106448e-06
0.000188747649511536
1.07084557528266e-43
0.999999999996936
0.99994400517441
0.999879968567169
