0.577023507193009
0.020147350851474
0.020147350851474
0.020147350851474
0.999999983007193
0.812568348098378
0.0581656804102282
0.998161724291599
0.99655110296378
0.93073723850468
0.0281984728221811
4.44344530542286e-07
7.83221586584575e-06
0.000517422279156862
0.956594992955919
0.531887985673388
0.975576201365369
0.999955325372743
0.74882318899268
0.332551977259874
0.577023507193009
0.020147350851474
0.020147350851474
0.020147350851474
0.999999983007193
0.812568348098378
0.0581656804102282
0.998161724291599
0.99655110296378
0.93073723850468
0.0281984728221811
4.44344530542286e-07
7.83221586584575e-06
0.000517422279156862
0.956594992955919
0.531887985673388
0.975576201365369
0.999955325372743
0.74882318899268
0.332551977259874
