0.97157493317738
0.997335680718651
0.997227608177467
0.993436133195352
0.99720119230738
0.995923190130467
0.473470758924224
0.964916942735318
0.6282443228403
0.472710497362597
0.491816548510841
0.888428698828915
0.458267275231971
0.529528163623271
0.141073751488318
0.100512946657755
0.959617604119698
0.602781333112649
0.755974760610154
0.0421965746765246
0.97157493317738
0.997335680718651
0.997227608177467
0.993436133195352
0.99720119230738
0.995923190130467
0.473470758924224
0.964916942735318
0.6282443228403
0.472710497362597
0.491816548510841
0.888428698828915
0.458267275231971
0.529528163623271
0.141073751488318
0.100512946657755
0.959617604119698
0.602781333112649
0.755974760610154
0.0421965746765246
