1
1
1
1
1
0.999999999996629
0.999938523832014
0.999999999955404
0.921968140423856
0.999535420054101
0.99999999998035
0.999999999999876
3.22340568548124e-43
0.495598594608297
0.75434540025287
0.0968901283107781
4.65672786649187e-52
0.999947179015877
0.976187802032557
0.965289984422022
1
1
1
1
1
0.999999999996629
0.999938523832014
0.999999999955404
0.921968140423856
0.999535420054101
0.99999999998035
0.999999999999876
3.22340568548124e-43
0.495598594608297
0.75434540025287
0.0968901283107781
4.65672786649187e-52
0.999947179015877
0.976187802032557
0.965289984422022
