2.77054286706752e-07
2.77054286706752e-07
3.15062733747558e-07
3.15062733747558e-07
8.0542499341831e-07
8.0542499341831e-07
0.999751074929392
0.996764148890861
0.998588181138362
0.791284345241202
0.999949483876924
0.926031487895238
0.63246488090379
0.928236487164628
0.995515433385771
0.95095678417801
0.966973423003706
8.14012499485391e-05
0.0473854210936067
0.611013995723711
2.77054286706752e-07
2.77054286706752e-07
3.15062733747558e-07
3.15062733747558e-07
8.0542499341831e-07
8.0542499341831e-07
0.999751074929392
0.996764148890861
0.998588181138362
0.791284345241202
0.999949483876924
0.926031487895238
0.63246488090379
0.928236487164628
0.995515433385771
0.95095678417801
0.966973423003706
8.14012499485391e-05
0.0473854210936067
0.611013995723711
