0.999938916205982
0.999999997899002
0.999999997899002
0.999999669385437
0.999999997899002
0.999938916205982
0.99998229684364
0.991717823896618
0.999983251033026
0.551553150738069
0.999998146920129
0.963355620233203
0.999999974146694
0.998535261864316
0.946357725505758
0.329834297746072
0.971778230761183
0.999999936042317
0.0379295652835467
0.644113302835394
0.999938916205982
0.999999997899002
0.999999997899002
0.999999669385437
0.999999997899002
0.999938916205982
0.99998229684364
0.991717823896618
0.999983251033026
0.551553150738069
0.999998146920129
0.963355620233203
0.999999974146694
0.998535261864316
0.946357725505758
0.329834297746072
0.971778230761183
0.999999936042317
0.0379295652835467
0.644113302835394
