0.968452653789813
0.852200436893163
0.852200436893163
0.852200436893163
0.852200436893163
0.968452653789813
0.502183383940271
0.975219939986073
0.999378061112021
0.000644622493920488
0.899534438648262
0.986111301347352
4.15467083531534e-06
0.0351644670905508
0.785117941063602
0.994432763332995
0.190612866083016
0.718824804072531
0.764159311380324
0.00605024956578013
0.968452653789813
0.852200436893163
0.852200436893163
0.852200436893163
0.852200436893163
0.968452653789813
0.502183383940271
0.975219939986073
0.999378061112021
0.000644622493920488
0.899534438648262
0.986111301347352
4.15467083531534e-06
0.0351644670905508
0.785117941063602
0.994432763332995
0.190612866083016
0.718824804072531
0.764159311380324
0.00605024956578013
