0.999999999117859
0.999999998788722
0.999999995682176
0.999999999117859
0.000145924522128955
0.999999951346205
0.999902961127676
0.999910151992463
0.921443745173106
0.966258439368672
0.809663601863116
0.969580840937729
0.998748543341096
0.992168184204314
0.489994839905494
0.939810181021662
0.878556418458947
0.790222931978092
0.280795639899807
0.997038267871902
0.999999999117859
0.999999998788722
0.999999995682176
0.999999999117859
0.000145924522128955
0.999999951346205
0.999902961127676
0.999910151992463
0.921443745173106
0.966258439368672
0.809663601863116
0.969580840937729
0.998748543341096
0.992168184204314
0.489994839905494
0.939810181021662
0.878556418458947
0.790222931978092
0.280795639899807
0.997038267871902
