0.999999999969078
0.999999999969078
0.999999999969078
0.999999999969078
0.999999992867973
0.99999999612647
0.995952878266689
0.99999999999966
0.999999974924973
0.999999983411568
0.999999999997773
0.999670290452761
0.263483479208152
0.94886734318927
0.506564105985565
0.117266589530734
2.73670036435943e-49
0.999999998792813
0.999464219853303
0.998278233738012
0.999999999969078
0.999999999969078
0.999999999969078
0.999999999969078
0.999999992867973
0.99999999612647
0.995952878266689
0.99999999999966
0.999999974924973
0.999999983411568
0.999999999997773
0.999670290452761
0.263483479208152
0.94886734318927
0.506564105985565
0.117266589530734
2.73670036435943e-49
0.999999998792813
0.999464219853303
0.998278233738012
