0.999999998788722
4.36360839986895e-05
9.09821120850034e-05
9.09821120850034e-05
0.000145924522128955
0.000133604708503953
0.999902961127676
0.999330616277269
0.956831365053095
0.000895000227082594
0.985647313178492
0.406710703723196
0.999584140954955
0.0275061107866318
0.428348028882346
0.99555267128419
0.999999902608575
0.99097805278881
0.746454065993343
0.959935261277564
0.999999998788722
4.36360839986895e-05
9.09821120850034e-05
9.09821120850034e-05
0.000145924522128955
0.000133604708503953
0.999902961127676
0.999330616277269
0.956831365053095
0.000895000227082594
0.985647313178492
0.406710703723196
0.999584140954955
0.0275061107866318
0.428348028882346
0.99555267128419
0.999999902608575
0.99097805278881
0.746454065993343
0.959935261277564
