0.968452653789813
0.852200436893163
0.852200436893163
0.968452653789813
0.852200436893163
0.978884618986015
0.502183383940271
0.99885652707271
0.757689418376273
0.999890565602584
0.359503076907324
0.98314966752839
0.958221097154618
0.529998188868149
0.725486630918102
0.954521239930544
0.999587346047408
0.894889890905125
0.772637878060859
0.948850294827862
0.968452653789813
0.852200436893163
0.852200436893163
0.968452653789813
0.852200436893163
0.978884618986015
0.502183383940271
0.99885652707271
0.757689418376273
0.999890565602584
0.359503076907324
0.98314966752839
0.958221097154618
0.529998188868149
0.725486630918102
0.954521239930544
0.999587346047408
0.894889890905125
0.772637878060859
0.948850294827862
