0.921074870926641
0.921074870926641
0.98556456487602
0.98556456487602
0.998251423455351
0.998251423455351
0.531379204250857
0.802796967379432
0.994898985703482
0.000804459714252915
0.999632649560938
0.99981094837895
0.0896480066698213
0.00903172890338223
0.966322772208547
0.999976641613874
0.920538165548418
0.977927776522198
0.957906350268385
0.176480433148552
0.921074870926641
0.921074870926641
0.98556456487602
0.98556456487602
0.998251423455351
0.998251423455351
0.531379204250857
0.802796967379432
0.994898985703482
0.000804459714252915
0.999632649560938
0.99981094837895
0.0896480066698213
0.00903172890338223
0.966322772208547
0.999976641613874
0.920538165548418
0.977927776522198
0.957906350268385
0.176480433148552
