0.94330066585982
0.94330066585982
0.986463447652424
0.909245692338888
0.971750366528233
0.994430275817575
0.531379204250857
0.998305853844949
0.839929027704278
0.319795464801033
0.968971415063618
0.994029455186038
1.42422196236901e-07
0.997678162510738
0.992788125127561
0.879003272409312
0.868941590379593
0.978230912382459
0.922971675437875
0.931217337734341
0.94330066585982
0.94330066585982
0.986463447652424
0.909245692338888
0.971750366528233
0.994430275817575
0.531379204250857
0.998305853844949
0.839929027704278
0.319795464801033
0.968971415063618
0.994029455186038
1.42422196236901e-07
0.997678162510738
0.992788125127561
0.879003272409312
0.868941590379593
0.978230912382459
0.922971675437875
0.931217337734341
