0.998594786442394
0.998594786442394
0.998719539355378
0.998719539355378
0.998251423455351
0.998251423455351
0.473470758924224
0.896746250739835
0.537764181023207
0.977117980180968
5.56004850648266e-05
0.0341515163067775
0.179138645714567
0.371724176280746
0.0174116502024585
0.30496953130435
0.219904562602315
0.571065933715714
0.722373919431094
0.938407876819293
0.998594786442394
0.998594786442394
0.998719539355378
0.998719539355378
0.998251423455351
0.998251423455351
0.473470758924224
0.896746250739835
0.537764181023207
0.977117980180968
5.56004850648266e-05
0.0341515163067775
0.179138645714567
0.371724176280746
0.0174116502024585
0.30496953130435
0.219904562602315
0.571065933715714
0.722373919431094
0.938407876819293
