0.577023507193009
0.020147350851474
0.020147350851474
0.812568348098378
0.020147350851474
0.812568348098378
0.0581656804102282
0.844832582992626
0.999676346813318
0.999209283451278
0.45891056043298
0.417071460427411
5.88227456120919e-21
0.0136274283535107
0.999999474891883
0.0462454177098686
0.693802729070868
0.680201713577934
0.736410119816409
0.864327316969876
0.577023507193009
0.020147350851474
0.020147350851474
0.812568348098378
0.020147350851474
0.812568348098378
0.0581656804102282
0.844832582992626
0.999676346813318
0.999209283451278
0.45891056043298
0.417071460427411
5.88227456120919e-21
0.0136274283535107
0.999999474891883
0.0462454177098686
0.693802729070868
0.680201713577934
0.736410119816409
0.864327316969876
