0.00948107288821559
0.00948107288821559
0.640586335926259
0.0721209689391658
0.0293438954987551
0.0282953712241415
0.0581656804102282
0.974057145322566
0.999999323403549
0.895621172431645
0.000104093652589403
6.41196875757022e-21
3.83412475000092e-19
0.0144866512572491
0.667652031564908
0.31936874847863
0.82679603058199
0.99458394215523
0.239419939284306
0.998366110838382
0.00948107288821559
0.00948107288821559
0.640586335926259
0.0721209689391658
0.0293438954987551
0.0282953712241415
0.0581656804102282
0.974057145322566
0.999999323403549
0.895621172431645
0.000104093652589403
6.41196875757022e-21
3.83412475000092e-19
0.0144866512572491
0.667652031564908
0.31936874847863
0.82679603058199
0.99458394215523
0.239419939284306
0.998366110838382
