0.999999997899002
0.999999997899002
0.999999997899002
0.999999997899002
0.999999997899002
0.999999997899002
0.99998229684364
0.999976174024855
0.999999994501955
0.804576874037056
0.999996399154047
0.999372241894599
0.999323614935243
0.954218078935725
0.997542759950802
0.00331163446722893
1.12290617632574e-14
0.999992438545063
0.704420417413673
0.75499261088773
0.999999997899002
0.999999997899002
0.999999997899002
0.999999997899002
0.999999997899002
0.999999997899002
0.99998229684364
0.999976174024855
0.999999994501955
0.804576874037056
0.999996399154047
0.999372241894599
0.999323614935243
0.954218078935725
0.997542759950802
0.00331163446722893
1.12290617632574e-14
0.999992438545063
0.704420417413673
0.75499261088773
