0.852200436893163
0.852200436893163
0.852200436893163
0.852200436893163
0.852200436893163
0.852200436893163
0.502183383940271
0.978870995243765
0.539717722698869
3.75358114746327e-14
0.966695241514647
0.99919317377821
0.878024663586556
0.011445544937849
0.744284515338086
0.0276674198826429
0.999909191539095
0.873955702460656
0.762587948018972
0.053606362361762
0.852200436893163
0.852200436893163
0.852200436893163
0.852200436893163
0.852200436893163
0.852200436893163
0.502183383940271
0.978870995243765
0.539717722698869
3.75358114746327e-14
0.966695241514647
0.99919317377821
0.878024663586556
0.011445544937849
0.744284515338086
0.0276674198826429
0.999909191539095
0.873955702460656
0.762587948018972
0.053606362361762
