0.993319847483236
0.993319847483236
0.998383792224051
0.998383792224051
0.998472402514222
0.998383792224051
0.473470758924224
0.925475926124999
0.215103795486227
0.657626717044744
0.229400755146678
0.958832552493875
0.885290863840115
0.910333917376229
0.983882190827756
0.941287892858394
0.874126714447055
0.337518425642861
0.528208174358538
0.979181653693457
0.993319847483236
0.993319847483236
0.998383792224051
0.998383792224051
0.998472402514222
0.998383792224051
0.473470758924224
0.925475926124999
0.215103795486227
0.657626717044744
0.229400755146678
0.958832552493875
0.885290863840115
0.910333917376229
0.983882190827756
0.941287892858394
0.874126714447055
0.337518425642861
0.528208174358538
0.979181653693457
