0.999999669385437
0.999999997899002
0.999999997899002
0.999999997899002
0.999999997899002
0.999999669385437
0.99998229684364
0.999832229411282
0.999999989062802
0.693298611017503
0.670145274348097
0.999350265111959
0.273858445677046
0.926066033148984
0.587292819627462
0.000342013390810741
1.97855287502099e-07
0.999999983693129
0.91651767815673
0.409533172133574
0.999999669385437
0.999999997899002
0.999999997899002
0.999999997899002
0.999999997899002
0.999999669385437
0.99998229684364
0.999832229411282
0.999999989062802
0.693298611017503
0.670145274348097
0.999350265111959
0.273858445677046
0.926066033148984
0.587292819627462
0.000342013390810741
1.97855287502099e-07
0.999999983693129
0.91651767815673
0.409533172133574
