0.999999997899002
0.999999997899002
0.999999997899002
0.999999997899002
0.999999997899002
0.999999997899002
0.99998229684364
0.00536462254160593
0.999999916614789
6.47111245245408e-05
0.999410599029481
0.965582942374962
0.999999902004671
0.0235628587197005
0.87842430717846
0.320326099426877
3.30372761487568e-42
0.970659613075754
0.799446631825829
0.859949366412152
0.999999997899002
0.999999997899002
0.999999997899002
0.999999997899002
0.999999997899002
0.999999997899002
0.99998229684364
0.00536462254160593
0.999999916614789
6.47111245245408e-05
0.999410599029481
0.965582942374962
0.999999902004671
0.0235628587197005
0.87842430717846
0.320326099426877
3.30372761487568e-42
0.970659613075754
0.799446631825829
0.859949366412152
