0.000115414186291268
0.000121810344923905
0.000113201723139376
0.000113201723139376
8.53002615592322e-05
7.35651322852922e-05
0.999902961127676
0.999922558344226
0.791885375226893
0.891219470470139
0.288058465932927
0.000533437840376499
0.0549398918898029
0.0502044326466596
0.378464809580146
0.00643781224561705
0.964617675599248
2.96441829821073e-09
0.935380039641751
0.471500261216598
0.000115414186291268
0.000121810344923905
0.000113201723139376
0.000113201723139376
8.53002615592322e-05
7.35651322852922e-05
0.999902961127676
0.999922558344226
0.791885375226893
0.891219470470139
0.288058465932927
0.000533437840376499
0.0549398918898029
0.0502044326466596
0.378464809580146
0.00643781224561705
0.964617675599248
2.96441829821073e-09
0.935380039641751
0.471500261216598
