1
1
1
1
1
1
0.999938523832014
0.0328430013551069
0.999999988648515
0.999999999844822
0.999990426743878
0.99986132102656
0.0853201291132786
4.96802063204242e-45
3.22260800083019e-18
0.347918575514976
8.66177361982397e-32
0.999999996666198
0.999848619754105
0.999997335990179
1
1
1
1
1
1
0.999938523832014
0.0328430013551069
0.999999988648515
0.999999999844822
0.999990426743878
0.99986132102656
0.0853201291132786
4.96802063204242e-45
3.22260800083019e-18
0.347918575514976
8.66177361982397e-32
0.999999996666198
0.999848619754105
0.999997335990179
