0.852200436893163
0.852200436893163
0.852200436893163
0.852200436893163
0.852200436893163
0.968452653789813
0.502183383940271
0.993805651550272
0.955172775384909
0.991880462585515
0.14978809087825
0.999455834999146
0.954000244673595
8.55143371899066e-05
0.882948100893829
0.982604528006894
0.877617530357084
0.969399261602459
0.997976135541311
0.00381859233091774
0.852200436893163
0.852200436893163
0.852200436893163
0.852200436893163
0.852200436893163
0.968452653789813
0.502183383940271
0.993805651550272
0.955172775384909
0.991880462585515
0.14978809087825
0.999455834999146
0.954000244673595
8.55143371899066e-05
0.882948100893829
0.982604528006894
0.877617530357084
0.969399261602459
0.997976135541311
0.00381859233091774
