0.999999997899002
0.999999997899002
0.999999997899002
0.999999997899002
0.999999997899002
0.999999669385437
0.99998229684364
0.999987140180147
0.999998986827312
0.995807415019921
0.99876738835126
0.999933658556762
0.999995396148001
0.175345930761747
1.41963869665337e-07
0.0488453543851754
2.05234573231279e-102
0.992275873324066
2.19527008913823e-23
0.561416699674739
0.999999997899002
0.999999997899002
0.999999997899002
0.999999997899002
0.999999997899002
0.999999669385437
0.99998229684364
0.999987140180147
0.999998986827312
0.995807415019921
0.99876738835126
0.999933658556762
0.999995396148001
0.175345930761747
1.41963869665337e-07
0.0488453543851754
2.05234573231279e-102
0.992275873324066
2.19527008913823e-23
0.561416699674739
