0.998011278176556
0.998011278176556
0.998383792224051
0.998383792224051
0.997653315585955
0.998383792224051
0.473470758924224
0.996050526226839
0.629936497959181
0.436051250106618
0.831022183521648
0.770522407773963
0.7328134826436
0.921522067891341
0.993343112649855
0.74085935288699
0.505965503891806
0.375320272689955
0.693499865604687
0.49748634484918
0.998011278176556
0.998011278176556
0.998383792224051
0.998383792224051
0.997653315585955
0.998383792224051
0.473470758924224
0.996050526226839
0.629936497959181
0.436051250106618
0.831022183521648
0.770522407773963
0.7328134826436
0.921522067891341
0.993343112649855
0.74085935288699
0.505965503891806
0.375320272689955
0.693499865604687
0.49748634484918
